 	density	u_1	u_2	u_3	sigma_11	sigma_12	sigma_13	sigma_22	sigma_23	sigma_33	I1	I2	I3	dI_1	dI_2	dI_3
0	9.11224	4.00211e-10	0.5	1	-31.3338	0.901365	-0.177273	-29.9388	4.24064	-30.3451	1000	3.05165	3.09329	1.04123	

2e-05	9.11224	5.92185e-10	0.5	1	-31.3338	0.901365	-0.177273	-29.9388	4.24064	-30.3451	1000	3.05165	3.09329	1.04123	

4e-05	9.11224	9.66431e-10	0.5	1	-31.3338	0.901365	-0.177273	-29.9388	4.24064	-30.3451	1000	3.05165	3.09329	1.04123	

6e-05	9.11224	1.53283e-09	0.5	1	-31.3338	0.901365	-0.177273	-29.9388	4.24064	-30.3451	1000	3.05165	3.09329	1.04123	

8e-05	9.11224	2.37782e-09	0.5	1	-31.3338	0.901365	-0.177273	-29.9388	4.24064	-30.3451	1000	3.05165	3.09329	1.04123	

0.0001	9.11224	3.64718e-09	0.5	1	-31.3338	0.901365	-0.177273	-29.9388	4.24064	-30.3451	1000	3.05165	3.09329	1.04123	

0.00012	9.11224	5.55441e-09	0.5	1	-31.3338	0.901365	-0.177273	-29.9388	4.24064	-30.3451	1000	3.05165	3.09329	1.04123	

0.00014	9.11224	8.40923e-09	0.5	1	-31.3338	0.901365	-0.177273	-29.9388	4.24064	-30.3451	1000	3.05165	3.09329	1.04123	

0.00016	9.11224	1.2661e-08	0.5	1	-31.3338	0.901365	-0.177273	-29.9388	4.24064	-30.3451	1000	3.05165	3.09329	1.04123	

0.00018	9.11224	1.89594e-08	0.5	1	-31.3338	0.901365	-0.177273	-29.9388	4.24064	-30.3451	1000	3.05165	3.09329	1.04123	

0.0002	9.11224	2.82388e-08	0.5	1	-31.3338	0.901365	-0.177273	-29.9388	4.24064	-30.3451	1000	3.05165	3.09329	1.04123	

0.00022	9.11224	4.18349e-08	0.5	1	-31.3338	0.901365	-0.177273	-29.9388	4.24064	-30.3451	1000	3.05165	3.09329	1.04123	

0.00024	9.11224	6.16458e-08	0.5	1	-31.3338	0.901365	-0.177273	-29.9388	4.24064	-30.3451	1000	3.05165	3.09329	1.04123	

0.00026	9.11224	9.03525e-08	0.5	1	-31.3338	0.901365	-0.177273	-29.9388	4.24064	-30.3451	1000	3.05165	3.09329	1.04123	

0.00028	9.11224	1.31719e-07	0.5	1	-31.3337	0.901365	-0.177273	-29.9388	4.24064	-30.3451	1000	3.05165	3.09329	1.04123	

0.0003	9.11224	1.90996e-07	0.5	1	-31.3337	0.901365	-0.177273	-29.9388	4.24064	-30.3451	1000	3.05165	3.09329	1.04123	

0.00032	9.11224	2.75467e-07	0.5	1	-31.3337	0.901365	-0.177273	-29.9388	4.24064	-30.3451	1000	3.05165	3.09329	1.04123	

0.00034	9.11224	3.95165e-07	0.5	1	-31.3337	0.901365	-0.177272	-29.9388	4.24064	-30.3451	1000	3.05165	3.09329	1.04123	

0.00036	9.11224	5.63833e-07	0.5	1	-31.3337	0.901364	-0.177272	-29.9388	4.24064	-30.3451	1000	3.05165	3.09329	1.04123	

0.00038	9.11224	8.00171e-07	0.5	1	-31.3337	0.901364	-0.177272	-29.9388	4.24064	-30.3451	1000	3.05165	3.09329	1.04123	

0.0004	9.11224	1.12947e-06	0.5	1	-31.3337	0.901364	-0.177272	-29.9388	4.24064	-30.345	1000	3.05165	3.09329	1.04123	

0.00042	9.11224	1.58569e-06	0.5	1	-31.3337	0.901363	-0.177272	-29.9387	4.24063	-30.345	1000	3.05165	3.09329	1.04123	

0.00044	9.11224	2.2142e-06	0.5	1	-31.3336	0.901363	-0.177271	-29.9387	4.24063	-30.345	1000	3.05165	3.09329	1.04123	

0.00046	9.11224	3.07515e-06	0.5	1	-31.3336	0.901362	-0.177271	-29.9387	4.24063	-30.345	1000	3.05165	3.09329	1.04123	

0.00048	9.11224	4.24778e-06	0.5	1	-31.3335	0.90136	-0.17727	-29.9386	4.24063	-30.3449	1000	3.05165	3.09329	1.04123	

0.0005	9.11223	5.83584e-06	0.5	1	-31.3334	0.901358	-0.177269	-29.9386	4.24062	-30.3449	1000	3.05165	3.09329	1.04123	

0.00052	9.11223	7.97418e-06	0.5	1	-31.3333	0.901356	-0.177268	-29.9385	4.24062	-30.3448	1000	3.05165	3.09329	1.04123	

0.00054	9.11223	1.0837e-05	0.5	1	-31.3331	0.901352	-0.177266	-29.9384	4.24061	-30.3447	1000	3.05165	3.09329	1.04123	

0.00056	9.11222	1.46476e-05	0.5	1	-31.3329	0.901348	-0.177264	-29.9382	4.2406	-30.3445	1000	3.05164	3.09328	1.04123	

0.00058	9.11221	1.96906e-05	0.5	1	-31.3326	0.901342	-0.177261	-29.938	4.24059	-30.3443	1000	3.05164	3.09328	1.04123	

0.0006	9.1122	2.63257e-05	0.5	1	-31.3322	0.901334	-0.177258	-29.9378	4.24057	-30.344	1000	3.05164	3.09327	1.04122	

0.00062	9.11218	3.5005e-05	0.5	1	-31.3317	0.901324	-0.177253	-29.9374	4.24055	-30.3437	1000	3.05164	3.09327	1.04122	

0.00064	9.11217	4.62917e-05	0.5	1	-31.3311	0.901311	-0.177247	-29.937	4.24052	-30.3432	999.999	3.05163	3.09326	1.04121	

0.00066	9.11214	6.08833e-05	0.5	1	-31.3302	0.901294	-0.177239	-29.9364	4.24048	-30.3427	999.999	3.05163	3.09325	1.04121	

0.00068	9.11211	7.96366e-05	0.5	1	-31.3291	0.901272	-0.17723	-29.9357	4.24043	-30.3419	999.999	3.05162	3.09323	1.0412	

0.0007	9.11207	0.000103596	0.5	1	-31.3278	0.901244	-0.177217	-29.9347	4.24037	-30.341	999.999	3.05161	3.09321	1.04119	

0.00072	9.11202	0.000134026	0.499999	1.00001	-31.326	0.901208	-0.177202	-29.9335	4.24029	-30.3398	999.999	3.0516	3.09319	1.04118	

0.00074	9.11195	0.000172443	0.499999	1.00001	-31.3238	0.901163	-0.177182	-29.932	4.24019	-30.3383	999.998	3.05158	3.09316	1.04117	

0.00076	9.11187	0.000220654	0.499999	1.00001	-31.3211	0.901107	-0.177158	-29.9302	4.24006	-30.3364	999.998	3.05156	3.09312	1.04115	

0.00078	9.11177	0.000280795	0.499998	1.00001	-31.3176	0.901036	-0.177129	-29.9278	4.23991	-30.3341	999.997	3.05154	3.09308	1.04112	

0.0008	9.11164	0.000355365	0.499998	1.00001	-31.3134	0.900949	-0.177093	-29.925	4.23971	-30.3312	999.996	3.05151	3.09302	1.0411	

0.00082	9.11149	0.00044727	0.499997	1.00002	-31.3081	0.900842	-0.17705	-29.9214	4.23948	-30.3276	999.996	3.05148	3.09295	1.04106	

0.00084	9.1113	0.000559853	0.499996	1.00002	-31.3017	0.900711	-0.176997	-29.9171	4.23919	-30.3232	999.995	3.05143	3.09286	1.04102	

0.00086	9.11107	0.000696934	0.499995	1.00002	-31.294	0.900551	-0.176934	-29.9118	4.23883	-30.3179	999.993	3.05138	3.09276	1.04096	

0.00088	9.1108	0.000862829	0.499994	1.00003	-31.2846	0.900357	-0.176859	-29.9054	4.23841	-30.3115	999.992	3.05132	3.09263	1.0409	

0.0009	9.11046	0.00106237	0.499992	1.00004	-31.2734	0.900124	-0.17677	-29.8978	4.23789	-30.3038	999.99	3.05124	3.09248	1.04083	

0.00092	9.11007	0.00130094	0.49999	1.00004	-31.2599	0.899846	-0.176666	-29.8887	4.23728	-30.2947	999.988	3.05115	3.09229	1.04073	

0.00094	9.10959	0.00158442	0.499987	1.00005	-31.244	0.899516	-0.176545	-29.8779	4.23656	-30.2838	999.986	3.05104	3.09208	1.04063	

0.00096	9.10904	0.00191923	0.499984	1.00006	-31.2253	0.899126	-0.176404	-29.8651	4.2357	-30.271	999.984	3.05092	3.09182	1.0405	

0.00098	9.10839	0.00231228	0.499979	1.00007	-31.2033	0.898669	-0.176241	-29.8502	4.2347	-30.256	999.981	3.05077	3.09152	1.04035	

0.001	9.10763	0.00277092	0.499974	1.00008	-31.1777	0.898136	-0.176055	-29.8329	4.23354	-30.2385	999.978	3.05059	3.09117	1.04018	

0.00102	9.10675	0.00330287	0.499968	1.0001	-31.1481	0.897518	-0.175843	-29.8128	4.23218	-30.2183	999.974	3.05039	3.09077	1.03998	

0.00104	9.10574	0.00391621	0.499961	1.00011	-31.1141	0.896806	-0.175603	-29.7897	4.23063	-30.1951	999.97	3.05016	3.09031	1.03975	

0.00106	9.10458	0.00461919	0.499953	1.00013	-31.0752	0.895991	-0.175333	-29.7633	4.22885	-30.1685	999.966	3.0499	3.08978	1.03948	

0.00108	9.10327	0.00542022	0.499943	1.00015	-31.031	0.895063	-0.175031	-29.7332	4.22683	-30.1383	999.961	3.0496	3.08917	1.03918	

0.0011	9.10178	0.00632771	0.499931	1.00017	-30.981	0.894012	-0.174696	-29.6993	4.22454	-30.1041	999.956	3.04926	3.08849	1.03884	

0.00112	9.1001	0.00734996	0.499918	1.0002	-30.9249	0.89283	-0.174325	-29.6612	4.22197	-30.0658	999.951	3.04887	3.08772	1.03846	

0.00114	9.09823	0.00849502	0.499902	1.00022	-30.8622	0.891507	-0.173917	-29.6186	4.21909	-30.0229	999.945	3.04845	3.08686	1.03803	

0.00116	9.09614	0.00977061	0.499885	1.00025	-30.7926	0.890035	-0.173471	-29.5712	4.21589	-29.9752	999.939	3.04797	3.0859	1.03756	

0.00118	9.09383	0.0111839	0.499865	1.00028	-30.7156	0.888406	-0.172985	-29.5189	4.21235	-29.9226	999.933	3.04744	3.08484	1.03703	

0.0012	9.09129	0.0127416	0.499842	1.00031	-30.6311	0.886612	-0.172458	-29.4613	4.20845	-29.8647	999.927	3.04686	3.08368	1.03645	

0.00122	9.08851	0.0144496	0.499817	1.00034	-30.5386	0.884647	-0.171884	-29.3984	4.20418	-29.8014	999.92	3.04623	3.0824	1.03581	

0.00124	9.08547	0.016313	0.499788	1.00037	-30.4381	0.882504	-0.171261	-29.3299	4.19953	-29.7325	999.914	3.04554	3.08101	1.03512	

0.00126	9.08218	0.018336	0.499757	1.00041	-30.3293	0.880181	-0.170589	-29.2557	4.19449	-29.6578	999.907	3.04478	3.0795	1.03437	

0.00128	9.07862	0.0205219	0.499722	1.00044	-30.2121	0.877673	-0.169873	-29.1758	4.18905	-29.5774	999.901	3.04397	3.07787	1.03356	

0.0013	9.0748	0.0228732	0.499684	1.00048	-30.0865	0.874981	-0.169114	-29.09	4.18321	-29.4911	999.895	3.0431	3.07612	1.03269	

0.00132	9.0707	0.0253912	0.499642	1.00052	-29.9524	0.872103	-0.168312	-28.9983	4.17696	-29.3988	999.888	3.04217	3.07425	1.03176	

0.00134	9.06634	0.0280763	0.499597	1.00056	-29.8099	0.86904	-0.167469	-28.9008	4.17031	-29.3007	999.883	3.04118	3.07225	1.03077	

0.00136	9.06171	0.0309279	0.499548	1.00061	-29.6591	0.865794	-0.166586	-28.7975	4.16324	-29.1968	999.877	3.04012	3.07014	1.02972	

0.00138	9.05681	0.0339447	0.499496	1.00065	-29.5001	0.862366	-0.16566	-28.6885	4.15578	-29.0871	999.872	3.03901	3.0679	1.0286	

0.0014	9.05164	0.0371242	0.49944	1.00069	-29.3331	0.858761	-0.164689	-28.5739	4.14793	-28.9717	999.867	3.03784	3.06554	1.02743	

0.00142	9.04622	0.0404632	0.499381	1.00074	-29.1584	0.854983	-0.163679	-28.4537	4.13968	-28.8509	999.863	3.0366	3.06307	1.0262	

0.00144	9.04054	0.0439578	0.499317	1.00078	-28.9762	0.85104	-0.162638	-28.3283	4.13106	-28.7247	999.859	3.03532	3.06048	1.02491	

0.00146	9.03462	0.0476033	0.499251	1.00083	-28.7869	0.846938	-0.161568	-28.1978	4.12208	-28.5933	999.856	3.03397	3.05778	1.02357	

0.00148	9.02845	0.0513944	0.49918	1.00087	-28.5907	0.842686	-0.160473	-28.0623	4.11274	-28.457	999.854	3.03257	3.05497	1.02217	

0.0015	9.02206	0.0553252	0.499107	1.00092	-28.3882	0.83829	-0.159355	-27.9222	4.10307	-28.316	999.852	3.03113	3.05206	1.02072	

0.00152	9.01544	0.0593895	0.49903	1.00096	-28.1795	0.83376	-0.158216	-27.7776	4.09308	-28.1706	999.851	3.02963	3.04905	1.01923	

0.00154	9.00862	0.0635805	0.49895	1.00101	-27.9652	0.829104	-0.157058	-27.6289	4.08278	-28.0209	999.851	3.02808	3.04595	1.01769	

0.00156	9.00159	0.0678911	0.498867	1.00105	-27.7457	0.824333	-0.155885	-27.4763	4.0722	-27.8673	999.851	3.0265	3.04276	1.0161	

0.00158	8.99438	0.0723138	0.498781	1.0011	-27.5213	0.819454	-0.154699	-27.32	4.06135	-27.71	999.852	3.02487	3.03948	1.01447	

0.0016	8.98699	0.076841	0.498692	1.00114	-27.2926	0.814478	-0.153501	-27.1603	4.05025	-27.5494	999.853	3.0232	3.03613	1.0128	

0.00162	8.97944	0.0814647	0.498601	1.00118	-27.06	0.809414	-0.152294	-26.9977	4.03891	-27.3857	999.856	3.0215	3.03271	1.0111	

0.00164	8.97173	0.0861768	0.498507	1.00122	-26.8239	0.804274	-0.151082	-26.8322	4.02737	-27.2192	999.858	3.01976	3.02922	1.00937	

0.00166	8.96388	0.0909691	0.498411	1.00126	-26.5849	0.799066	-0.149865	-26.6643	4.01564	-27.0502	999.862	3.01799	3.02567	1.0076	

0.00168	8.95591	0.0958332	0.498313	1.0013	-26.3432	0.793801	-0.148647	-26.4942	4.00374	-26.8791	999.866	3.0162	3.02207	1.00581	

0.0017	8.94783	0.10076	0.498212	1.00134	-26.0995	0.788488	-0.14743	-26.3223	3.9917	-26.7061	999.871	3.01438	3.01842	1.004	

0.00172	8.93965	0.105742	0.49811	1.00138	-25.8541	0.783139	-0.146216	-26.1489	3.97952	-26.5315	999.876	3.01255	3.01473	1.00216	

0.00174	8.93138	0.11077	0.498007	1.00142	-25.6076	0.777762	-0.145008	-25.9742	3.96724	-26.3558	999.881	3.01069	3.01101	1.00031	

0.00176	8.92304	0.115834	0.497902	1.00145	-25.3603	0.772368	-0.143808	-25.7986	3.95488	-26.1791	999.887	3.00883	3.00725	0.998442	

0.00178	8.91465	0.120927	0.497795	1.00149	-25.1127	0.766967	-0.142621	-25.6225	3.94246	-26.0018	999.894	3.00695	3.00348	0.996565	

0.0018	8.90622	0.126039	0.497687	1.00152	-24.8654	0.76157	-0.141451	-25.4461	3.93	-25.8242	999.901	3.00506	2.99969	0.994681	

0.00182	8.89778	0.131158	0.497578	1.00155	-24.6192	0.75619	-0.140303	-25.27	3.91755	-25.647	999.908	3.00318	2.9959	0.992797	

0.00184	8.88934	0.136267	0.497468	1.00157	-24.3744	0.750841	-0.139179	-25.0946	3.90513	-25.4705	999.915	3.00129	2.99212	0.990915	

0.00186	8.88093	0.141358	0.497357	1.0016	-24.1316	0.745533	-0.138083	-24.9203	3.89276	-25.295	999.923	2.99942	2.98835	0.989039	

0.00188	8.87255	0.14642	0.497246	1.00162	-23.8913	0.740276	-0.137014	-24.7473	3.88047	-25.1209	999.932	2.99755	2.9846	0.987174	

0.0019	8.86423	0.151444	0.497134	1.00164	-23.6539	0.735081	-0.135972	-24.5759	3.86828	-24.9485	999.94	2.9957	2.98087	0.985323	

0.00192	8.85598	0.15642	0.497023	1.00166	-23.4198	0.729958	-0.13496	-24.4066	3.85622	-24.7781	999.949	2.99386	2.97719	0.98349	

0.00194	8.84782	0.161338	0.496912	1.00167	-23.1895	0.724916	-0.133981	-24.2397	3.84431	-24.6101	999.957	2.99205	2.97355	0.981679	

0.00196	8.83977	0.166186	0.496801	1.00168	-22.9634	0.719964	-0.133037	-24.0755	3.83258	-24.4448	999.966	2.99026	2.96996	0.979893	

0.00198	8.83184	0.170955	0.496692	1.00169	-22.7421	0.715114	-0.132129	-23.9144	3.82105	-24.2826	999.974	2.9885	2.96642	0.978138	

0.002	8.82407	0.175633	0.496583	1.0017	-22.5259	0.710375	-0.131261	-23.7567	3.80976	-24.1239	999.982	2.98678	2.96296	0.976415	

0.00202	8.81645	0.18021	0.496475	1.0017	-22.3154	0.705756	-0.130434	-23.6027	3.79872	-23.969	999.991	2.9851	2.95958	0.974731	

0.00204	8.80902	0.184676	0.496368	1.0017	-22.111	0.701267	-0.12965	-23.4529	3.78796	-23.8182	999.999	2.98345	2.95627	0.973089	

0.00206	8.8018	0.18902	0.496263	1.0017	-21.913	0.696917	-0.128912	-23.3076	3.77752	-23.6719	1000.01	2.98185	2.95306	0.971493	

0.00208	8.79479	0.19323	0.49616	1.0017	-21.722	0.692715	-0.12822	-23.167	3.76741	-23.5304	1000.01	2.98031	2.94995	0.969947	

0.0021	8.78802	0.197298	0.496059	1.00169	-21.5383	0.68867	-0.127577	-23.0317	3.75766	-23.3941	1000.02	2.97881	2.94695	0.968454	

0.00212	8.78151	0.201212	0.49596	1.00168	-21.3623	0.684791	-0.126982	-22.9017	3.74829	-23.2634	1000.03	2.97738	2.94407	0.96702	

0.00214	8.77527	0.204963	0.495864	1.00166	-21.1944	0.681085	-0.126438	-22.7775	3.73933	-23.1383	1000.03	2.976	2.94131	0.965646	

0.00216	8.76932	0.208543	0.49577	1.00164	-21.0349	0.677559	-0.125945	-22.6593	3.73079	-23.0194	1000.04	2.97469	2.93867	0.964337	

0.00218	8.76368	0.211943	0.49568	1.00162	-20.8842	0.674221	-0.125502	-22.5475	3.7227	-22.9068	1000.05	2.97345	2.93618	0.963096	

0.0022	8.75835	0.215155	0.495592	1.0016	-20.7424	0.671075	-0.12511	-22.442	3.71508	-22.8007	1000.05	2.97228	2.93382	0.961925	

0.00222	8.75335	0.218174	0.495509	1.00157	-20.6097	0.668126	-0.124767	-22.3433	3.70793	-22.7013	1000.06	2.97118	2.93162	0.960827	

0.00224	8.74868	0.220994	0.495428	1.00155	-20.4864	0.665379	-0.124473	-22.2514	3.70127	-22.6088	1000.06	2.97015	2.92956	0.959804	

0.00226	8.74436	0.22361	0.495352	1.00152	-20.3725	0.662835	-0.124225	-22.1664	3.69511	-22.5232	1000.07	2.96921	2.92765	0.958856	

0.00228	8.74039	0.226022	0.495281	1.00149	-20.2681	0.660495	-0.124023	-22.0884	3.68945	-22.4447	1000.07	2.96833	2.9259	0.957985	

0.0023	8.73676	0.228227	0.495213	1.00146	-20.173	0.658359	-0.123863	-22.0173	3.68429	-22.3731	1000.08	2.96754	2.9243	0.95719	

0.00232	8.73349	0.230226	0.49515	1.00142	-20.0872	0.656426	-0.123743	-21.9531	3.67963	-22.3085	1000.08	2.96682	2.92286	0.956472	

0.00234	8.73055	0.232023	0.495092	1.00139	-20.0106	0.654691	-0.123659	-21.8957	3.67545	-22.2507	1000.08	2.96618	2.92157	0.955829	

0.00236	8.72795	0.23362	0.495038	1.00136	-19.9428	0.653151	-0.123608	-21.8449	3.67176	-22.1995	1000.09	2.96561	2.92042	0.95526	

0.00238	8.72567	0.235024	0.49499	1.00132	-19.8836	0.651798	-0.123587	-21.8004	3.66853	-22.1548	1000.09	2.96511	2.91942	0.954761	

0.0024	8.7237	0.236242	0.494946	1.00129	-19.8326	0.650625	-0.123593	-21.7621	3.66574	-22.1163	1000.09	2.96468	2.91855	0.954331	

0.00242	8.72203	0.237283	0.494906	1.00126	-19.7893	0.649623	-0.123621	-21.7296	3.66337	-22.0836	1000.1	2.96431	2.91782	0.953965	

0.00244	8.72064	0.238157	0.494872	1.00123	-19.7532	0.648782	-0.123666	-21.7026	3.66139	-22.0563	1000.1	2.96401	2.9172	0.95366	

0.00246	8.7195	0.238875	0.494842	1.00121	-19.7239	0.648092	-0.123726	-21.6805	3.65978	-22.0341	1000.1	2.96376	2.9167	0.953412	

0.00248	8.7186	0.239449	0.494816	1.00118	-19.7007	0.647539	-0.123798	-21.6631	3.65851	-22.0166	1000.11	2.96356	2.91631	0.953215	

0.0025	8.71792	0.239892	0.494795	1.00116	-19.6831	0.647112	-0.123884	-21.65	3.65755	-22.0034	1000.11	2.96341	2.91601	0.953066	

0.00252	8.71743	0.240217	0.494777	1.00114	-19.6706	0.646799	-0.123975	-21.6406	3.65685	-21.9939	1000.11	2.9633	2.91579	0.952958	

0.00254	8.71711	0.240438	0.494762	1.00112	-19.6625	0.64659	-0.124058	-21.6345	3.6564	-21.9878	1000.11	2.96323	2.91565	0.952888	

0.00256	8.71694	0.240564	0.494753	1.0011	-19.6582	0.646473	-0.124122	-21.6313	3.65615	-21.9846	1000.12	2.96319	2.91557	0.95285	

0.00258	8.71687	0.240609	0.494747	1.00109	-19.6567	0.646424	-0.124171	-21.6302	3.65607	-21.9835	1000.12	2.96318	2.91555	0.952837	

0.0026	8.71689	0.240604	0.494745	1.00109	-19.6573	0.646416	-0.124222	-21.6307	3.65609	-21.984	1000.12	2.96319	2.91556	0.952841	

0.00262	8.71699	0.240561	0.494742	1.00108	-19.66	0.64645	-0.124296	-21.6328	3.65624	-21.9861	1000.12	2.96321	2.9156	0.952863	

0.00264	8.71718	0.24047	0.494739	1.00107	-19.665	0.646533	-0.124384	-21.6366	3.65651	-21.9899	1000.12	2.96325	2.91568	0.952904	

0.00266	8.71744	0.240333	0.494737	1.00106	-19.6719	0.646661	-0.124478	-21.6418	3.65688	-21.9951	1000.13	2.96331	2.9158	0.952961	

0.00268	8.71776	0.240158	0.494737	1.00105	-19.6803	0.646825	-0.124572	-21.6482	3.65733	-22.0016	1000.13	2.96338	2.91594	0.953031	

0.0027	8.71813	0.239953	0.494738	1.00104	-19.6899	0.647019	-0.124659	-21.6555	3.65785	-22.0089	1000.13	2.96346	2.9161	0.953111	

0.00272	8.71852	0.239728	0.494741	1.00104	-19.7003	0.647234	-0.12474	-21.6633	3.65841	-22.0168	1000.13	2.96354	2.91627	0.953197	

0.00274	8.71893	0.239488	0.494744	1.00103	-19.7112	0.647464	-0.124812	-21.6715	3.659	-22.0251	1000.14	2.96363	2.91645	0.953287	

0.00276	8.71935	0.239241	0.494749	1.00103	-19.7223	0.647703	-0.124875	-21.6799	3.65959	-22.0335	1000.14	2.96372	2.91664	0.953379	

0.00278	8.71977	0.238993	0.494754	1.00103	-19.7332	0.647944	-0.124927	-21.6882	3.66018	-22.0418	1000.14	2.96381	2.91682	0.95347	

0.0028	8.72018	0.23875	0.494761	1.00103	-19.7439	0.648186	-0.124973	-21.6962	3.66076	-22.05	1000.14	2.9639	2.917	0.953559	

0.00282	8.72057	0.238514	0.494767	1.00103	-19.7542	0.648425	-0.125019	-21.704	3.66132	-22.0578	1000.14	2.96399	2.91717	0.953645	

0.00284	8.72094	0.238287	0.494774	1.00103	-19.7641	0.648665	-0.12507	-21.7115	3.66185	-22.0653	1000.15	2.96407	2.91734	0.953727	

0.00286	8.7213	0.23807	0.49478	1.00103	-19.7736	0.648909	-0.125127	-21.7187	3.66236	-22.0725	1000.15	2.96415	2.91749	0.953805	

0.00288	8.72164	0.237864	0.494787	1.00103	-19.7826	0.649159	-0.125181	-21.7255	3.66284	-22.0794	1000.15	2.96422	2.91764	0.95388	

0.0029	8.72197	0.237668	0.494795	1.00103	-19.7912	0.649422	-0.125226	-21.732	3.6633	-22.0859	1000.15	2.9643	2.91779	0.953951	

0.00292	8.72227	0.237483	0.494805	1.00103	-19.7993	0.649706	-0.125265	-21.7381	3.66374	-22.0921	1000.15	2.96436	2.91792	0.954018	

0.00294	8.72257	0.237306	0.494816	1.00103	-19.807	0.650027	-0.125329	-21.7439	3.66416	-22.0979	1000.15	2.96443	2.91805	0.954082	

0.00296	8.72285	0.237137	0.49483	1.00104	-19.8143	0.650407	-0.125479	-21.7494	3.66456	-22.1034	1000.16	2.96449	2.91817	0.954143	

0.00298	8.72311	0.236976	0.494847	1.00103	-19.8212	0.650862	-0.125755	-21.7546	3.66493	-22.1087	1000.16	2.96455	2.91829	0.9542	

0.003	8.72334	0.236826	0.494868	1.001	-19.8278	0.651405	-0.12616	-21.7597	3.66527	-22.1137	1000.16	2.9646	2.91839	0.954252	

0.00302	8.72357	0.236686	0.494893	1.00097	-19.834	0.652054	-0.126698	-21.7644	3.6656	-22.1185	1000.17	2.96465	2.91849	0.954301	

0.00304	8.72378	0.236553	0.494926	1.00094	-19.8398	0.652843	-0.127453	-21.7688	3.66591	-22.1229	1000.17	2.96469	2.91858	0.954346	

0.00306	8.72396	0.236426	0.494968	1.00088	-19.8453	0.653849	-0.12879	-21.7731	3.6662	-22.1272	1000.18	2.96474	2.91867	0.954388	

0.00308	8.72413	0.23631	0.495018	1.00079	-19.8506	0.655169	-0.131205	-21.7772	3.66648	-22.1313	1000.19	2.96477	2.91874	0.954424	

0.0031	8.72428	0.236203	0.495075	1.0007	-19.8555	0.656607	-0.133644	-21.7811	3.66674	-22.1352	1000.2	2.96481	2.91881	0.954458	

0.00312	8.72442	0.236102	0.495139	1.00061	-19.8602	0.658126	-0.135716	-21.7848	3.66698	-22.1389	1000.22	2.96484	2.91887	0.954488	

0.00314	8.72455	0.236007	0.495215	1.00049	-19.8646	0.659931	-0.138294	-21.7884	3.66721	-22.1424	1000.23	2.96487	2.91893	0.954516	

0.00316	8.72467	0.235918	0.495304	1.00036	-19.8688	0.662064	-0.141418	-21.7918	3.66743	-22.1457	1000.25	2.9649	2.91898	0.954541	

0.00318	8.72476	0.235833	0.49541	1.00019	-19.8728	0.664575	-0.145185	-21.795	3.66764	-22.149	1000.26	2.96492	2.91903	0.954562	

0.0032	8.72484	0.235755	0.495534	0.999993	-19.8766	0.66752	-0.149724	-21.7982	3.66784	-22.1521	1000.29	2.96494	2.91907	0.95458	

0.00322	8.7249	0.235682	0.49568	0.999753	-19.8802	0.670957	-0.155179	-21.8013	3.66803	-22.1551	1000.31	2.96496	2.9191	0.954593	

0.00324	8.72494	0.235617	0.49585	0.999463	-19.8836	0.674949	-0.161709	-21.8043	3.66821	-22.158	1000.34	2.96497	2.91912	0.954602	

0.00326	8.72496	0.235558	0.496047	0.999116	-19.8868	0.679556	-0.169486	-21.8072	3.66838	-22.1608	1000.37	2.96498	2.91913	0.954605	

0.00328	8.72495	0.235508	0.496274	0.998702	-19.8898	0.684836	-0.178703	-21.81	3.66855	-22.1634	1000.41	2.96498	2.91913	0.954603	

0.0033	8.72491	0.235466	0.496532	0.998211	-19.8925	0.690847	-0.189574	-21.8127	3.6687	-22.166	1000.46	2.96498	2.91911	0.954594	

0.00332	8.72483	0.235432	0.496825	0.99763	-19.895	0.697642	-0.202336	-21.8153	3.66886	-22.1685	1000.51	2.96497	2.91909	0.954578	

0.00334	8.72472	0.235409	0.497154	0.996947	-19.8972	0.705265	-0.217243	-21.8178	3.66901	-22.1709	1000.57	2.96495	2.91905	0.954554	

0.00336	8.72458	0.235397	0.49752	0.996147	-19.8992	0.713752	-0.234571	-21.8203	3.66916	-22.1732	1000.64	2.96493	2.91899	0.954521	

0.00338	8.72439	0.235398	0.497924	0.995215	-19.901	0.723124	-0.254613	-21.8227	3.66931	-22.1755	1000.72	2.9649	2.91892	0.95448	

0.0034	8.72416	0.235407	0.498367	0.994136	-19.9027	0.733384	-0.277682	-21.8252	3.66948	-22.1778	1000.82	2.96487	2.91882	0.954429	

0.00342	8.72387	0.235427	0.498846	0.992891	-19.904	0.744507	-0.304107	-21.8274	3.66965	-22.1799	1000.92	2.96482	2.91871	0.954367	

0.00344	8.72352	0.235464	0.499359	0.991462	-19.9048	0.756446	-0.334235	-21.8295	3.66982	-22.182	1001.03	2.96476	2.91857	0.95429	

0.00346	8.7231	0.235519	0.499901	0.989829	-19.9052	0.769123	-0.368419	-21.8313	3.67	-22.1838	1001.16	2.96469	2.91841	0.954199	

0.00348	8.72262	0.235592	0.500468	0.987971	-19.9052	0.782425	-0.407019	-21.8329	3.6702	-22.1856	1001.31	2.96461	2.91822	0.954093	

0.0035	8.72206	0.235685	0.501053	0.985867	-19.9048	0.796185	-0.450397	-21.8341	3.67042	-22.1872	1001.46	2.96452	2.918	0.953971	

0.00352	8.72143	0.235799	0.501657	0.983496	-19.9038	0.810135	-0.498899	-21.835	3.67066	-22.1886	1001.63	2.96442	2.91775	0.953833	

0.00354	8.72072	0.235933	0.50227	0.980839	-19.9024	0.823828	-0.55285	-21.8353	3.67092	-22.1899	1001.81	2.96431	2.91747	0.953677	

0.00356	8.71991	0.236083	0.502852	0.977875	-19.9007	0.836744	-0.612571	-21.8353	3.6712	-22.1912	1002.01	2.96418	2.91716	0.953502	

0.00358	8.719	0.23625	0.503346	0.974581	-19.8986	0.848486	-0.678413	-21.835	3.67145	-22.1926	1002.23	2.96404	2.91681	0.953303	

0.0036	8.71796	0.236437	0.503703	0.970933	-19.8963	0.858908	-0.750756	-21.8344	3.67163	-22.1944	1002.49	2.96388	2.91641	0.953074	

0.00362	8.71675	0.236654	0.503903	0.966907	-19.8936	0.868086	-0.829985	-21.8333	3.67171	-22.1963	1002.77	2.9637	2.91595	0.952809	

0.00364	8.71537	0.236915	0.503996	0.962479	-19.8899	0.876007	-0.916406	-21.831	3.67166	-22.1979	1003.08	2.9635	2.91544	0.952508	

0.00366	8.71382	0.237219	0.504017	0.957634	-19.8851	0.882119	-1.01016	-21.8271	3.67146	-22.1989	1003.4	2.96329	2.91487	0.95217	

0.00368	8.71211	0.23756	0.503916	0.95236	-19.8796	0.8856	-1.11129	-21.8218	3.67106	-22.1995	1003.74	2.96306	2.91425	0.951796	

0.0037	8.71022	0.237933	0.503633	0.946651	-19.8736	0.885726	-1.21982	-21.8151	3.67038	-22.2	1004.1	2.96282	2.91358	0.951382	

0.00372	8.70811	0.23834	0.503125	0.940498	-19.8671	0.881851	-1.33573	-21.8067	3.66929	-22.2004	1004.47	2.96256	2.91286	0.950923	

0.00374	8.70578	0.238786	0.50235	0.933896	-19.8599	0.873403	-1.45897	-21.7964	3.66769	-22.2006	1004.88	2.96229	2.91206	0.950413	

0.00376	8.70318	0.239277	0.501275	0.926844	-19.852	0.859837	-1.58943	-21.784	3.66541	-22.2005	1005.3	2.96201	2.9112	0.949845	

0.00378	8.70029	0.239816	0.499868	0.919342	-19.8433	0.840629	-1.72692	-21.7691	3.66229	-22.1999	1005.75	2.96171	2.91026	0.949214	

0.0038	8.69707	0.240407	0.4981	0.911394	-19.8337	0.815309	-1.87121	-21.7513	3.65815	-22.1987	1006.23	2.9614	2.90924	0.948513	

0.00382	8.6935	0.241054	0.495938	0.903008	-19.8232	0.783463	-2.02199	-21.7306	3.65278	-22.1968	1006.73	2.96108	2.90813	0.947734	

0.00384	8.68953	0.241764	0.493353	0.894194	-19.8117	0.74467	-2.17887	-21.7065	3.64595	-22.194	1007.26	2.96074	2.90692	0.946869	

0.00386	8.68513	0.24254	0.490309	0.884971	-19.7992	0.698411	-2.34138	-21.6787	3.63741	-22.1901	1007.83	2.96038	2.90562	0.94591	

0.00388	8.68025	0.243387	0.486759	0.875357	-19.7857	0.644129	-2.50903	-21.6471	3.62687	-22.1851	1008.43	2.96002	2.9042	0.944847	

0.0039	8.67485	0.244311	0.48268	0.865374	-19.7712	0.579681	-2.68095	-21.6114	3.6139	-22.1788	1009.07	2.95964	2.90267	0.943671	

0.00392	8.66887	0.245322	0.478174	0.85502	-19.7555	0.508936	-2.85743	-21.5713	3.59852	-22.1706	1009.75	2.95925	2.90101	0.942371	

0.00394	8.66229	0.246437	0.473272	0.844315	-19.7383	0.43463	-3.03833	-21.5261	3.58074	-22.1601	1010.46	2.95885	2.89921	0.94094	

0.00396	8.65508	0.247661	0.468021	0.833283	-19.7194	0.354115	-3.22236	-21.4753	3.56017	-22.1467	1011.2	2.95845	2.89729	0.939375	

0.00398	8.64723	0.248991	0.462419	0.821956	-19.6988	0.267859	-3.4088	-21.4188	3.53663	-22.1301	1011.97	2.95804	2.89524	0.937672	

0.004	8.63872	0.250427	0.456414	0.810381	-19.6768	0.176118	-3.59696	-21.3567	3.50997	-22.1104	1012.76	2.95764	2.89307	0.935827	

0.00402	8.62952	0.251977	0.450001	0.798594	-19.6535	0.0792216	-3.78623	-21.2888	3.48006	-22.0874	1013.58	2.95725	2.89078	0.933836	

0.00404	8.61964	0.253643	0.44324	0.786622	-19.6288	-0.0225626	-3.97598	-21.215	3.44675	-22.0606	1014.42	2.95687	2.88836	0.931699	

0.00406	8.60905	0.25542	0.436165	0.774489	-19.6025	-0.128829	-4.16556	-21.1349	3.40996	-22.0297	1015.27	2.95651	2.88583	0.929411	

0.00408	8.59775	0.257311	0.428772	0.762222	-19.5747	-0.238825	-4.35449	-21.0487	3.36965	-21.9944	1016.14	2.95617	2.88319	0.926973	

0.0041	8.58574	0.25932	0.421081	0.749852	-19.5456	-0.3517	-4.54235	-20.9561	3.32587	-21.9547	1017.02	2.95586	2.88044	0.924385	

0.00412	8.57304	0.261448	0.413143	0.7374	-19.5151	-0.466774	-4.72876	-20.8573	3.27867	-21.9103	1017.91	2.95559	2.8776	0.921652	

0.00414	8.55967	0.26369	0.405006	0.724889	-19.4834	-0.58348	-4.91331	-20.7521	3.22811	-21.8611	1018.79	2.95536	2.87468	0.918778	

0.00416	8.54563	0.266041	0.396705	0.712337	-19.4505	-0.701251	-5.09564	-20.6406	3.17429	-21.8069	1019.66	2.95518	2.87169	0.915769	

0.00418	8.53097	0.268497	0.388271	0.699759	-19.4166	-0.81952	-5.27539	-20.523	3.11734	-21.7478	1020.52	2.95506	2.86865	0.912629	

0.0042	8.51572	0.271053	0.379734	0.687164	-19.3817	-0.937755	-5.45219	-20.3994	3.05742	-21.6838	1021.36	2.95501	2.86557	0.909367	

0.00422	8.4999	0.273709	0.371121	0.674582	-19.3459	-1.05544	-5.62566	-20.2699	2.99473	-21.6147	1022.17	2.95502	2.86247	0.905993	

0.00424	8.48359	0.276455	0.362441	0.662041	-19.3094	-1.17198	-5.79564	-20.1348	2.92953	-21.5408	1022.95	2.95512	2.85935	0.902518	

0.00426	8.46683	0.279285	0.353731	0.649552	-19.2722	-1.28673	-5.96202	-19.9943	2.8621	-21.4622	1023.68	2.9553	2.85626	0.898956	

0.00428	8.44969	0.28219	0.345046	0.637129	-19.2344	-1.39923	-6.12468	-19.8486	2.79275	-21.379	1024.35	2.95557	2.8532	0.895322	

0.0043	8.43226	0.285158	0.336424	0.624787	-19.1964	-1.50923	-6.2835	-19.698	2.72175	-21.2914	1024.96	2.95595	2.85019	0.89163	

0.00432	8.41459	0.288178	0.327879	0.61254	-19.1583	-1.61652	-6.43831	-19.5431	2.64938	-21.1998	1025.49	2.95643	2.84727	0.887897	

0.00434	8.39676	0.291241	0.319426	0.600402	-19.1202	-1.72093	-6.58897	-19.3844	2.57594	-21.1044	1025.94	2.95702	2.84445	0.884138	

0.00436	8.37884	0.294338	0.311079	0.588386	-19.0823	-1.82231	-6.73534	-19.2221	2.50175	-21.0055	1026.3	2.95773	2.84174	0.88037	

0.00438	8.36094	0.297462	0.302852	0.576507	-19.0446	-1.92051	-6.8773	-19.057	2.42714	-20.9035	1026.56	2.95855	2.83917	0.876611	

0.0044	8.34313	0.300605	0.294755	0.564778	-19.0072	-2.01542	-7.01473	-18.8896	2.35247	-20.7988	1026.71	2.95949	2.83675	0.872882	

0.00442	8.32553	0.303757	0.286801	0.553214	-18.9703	-2.10694	-7.14753	-18.7204	2.27812	-20.6917	1026.74	2.96054	2.8345	0.869203	

0.00444	8.30825	0.306911	0.279	0.54183	-18.9339	-2.19499	-7.2756	-18.5503	2.20448	-20.5827	1026.64	2.96171	2.83245	0.865598	

0.00446	8.2914	0.310056	0.271363	0.530639	-18.8982	-2.27951	-7.39881	-18.3798	2.13197	-20.4724	1026.39	2.96299	2.83061	0.86209	

0.00448	8.27511	0.313185	0.263899	0.519659	-18.8631	-2.36041	-7.51708	-18.21	2.06103	-20.3611	1025.99	2.96437	2.82899	0.858706	

0.0045	8.25952	0.31629	0.256619	0.508906	-18.8287	-2.43765	-7.63027	-18.0414	1.99211	-20.2494	1025.43	2.96585	2.82762	0.855474	

0.00452	8.24478	0.319361	0.249535	0.498398	-18.7952	-2.51118	-7.73829	-17.8752	1.9257	-20.1379	1024.68	2.96742	2.82652	0.852423	

0.00454	8.23105	0.322388	0.242659	0.488157	-18.7625	-2.58097	-7.84103	-17.7121	1.86229	-20.0273	1023.74	2.96907	2.8257	0.849585	

0.00456	8.21848	0.325362	0.236005	0.478206	-18.7308	-2.64697	-7.93839	-17.5532	1.8024	-19.9182	1022.59	2.97078	2.82517	0.846994	

0.00458	8.20726	0.328269	0.229586	0.46857	-18.7001	-2.70918	-8.03029	-17.3995	1.74652	-19.8111	1021.22	2.97254	2.82497	0.844682	

0.0046	8.19754	0.331099	0.223418	0.459279	-18.6705	-2.76757	-8.11667	-17.252	1.69518	-19.7067	1019.6	2.97434	2.82509	0.842684	

0.00462	8.18952	0.333839	0.217515	0.450358	-18.642	-2.82215	-8.19747	-17.1115	1.64888	-19.6057	1017.72	2.97617	2.82557	0.841034	

0.00464	8.18334	0.336478	0.211889	0.441833	-18.6147	-2.87291	-8.27261	-16.979	1.6081	-19.5085	1015.55	2.97801	2.82641	0.839767	

0.00466	8.17919	0.339004	0.206551	0.433725	-18.5887	-2.91982	-8.34205	-16.8553	1.57333	-19.4158	1013.09	2.97985	2.82764	0.838915	

0.00468	8.17723	0.34141	0.20151	0.426052	-18.564	-2.96287	-8.40569	-16.7412	1.54505	-19.3279	1010.32	2.98167	2.82927	0.838513	

0.0047	8.17761	0.343686	0.196777	0.418834	-18.5407	-3.00202	-8.46342	-16.6374	1.52371	-19.2454	1007.2	2.98348	2.83131	0.838591	

0.00472	8.18049	0.345823	0.192366	0.412096	-18.519	-3.03726	-8.51513	-16.5446	1.50974	-19.1685	1003.73	2.98525	2.8338	0.839181	

0.00474	8.18599	0.34781	0.188299	0.405878	-18.4989	-3.06859	-8.56076	-16.4631	1.50352	-19.0973	999.874	2.98699	2.83675	0.84031	

0.00476	8.19423	0.349628	0.184606	0.400236	-18.4804	-3.09608	-8.60037	-16.3929	1.50529	-19.0318	995.605	2.98871	2.8402	0.842003	

0.00478	8.20526	0.351254	0.181327	0.395247	-18.4638	-3.11987	-8.63421	-16.3335	1.51515	-18.9714	990.893	2.99042	2.84417	0.844271	

0.0048	8.21907	0.352661	0.178498	0.390991	-18.449	-3.14022	-8.6628	-16.2836	1.53295	-18.9152	985.7	2.99215	2.8487	0.847115	

0.00482	8.23558	0.353826	0.176149	0.387534	-18.436	-3.15744	-8.68697	-16.2416	1.55831	-18.862	979.99	2.99392	2.85379	0.850522	

0.00484	8.25462	0.354733	0.174285	0.384889	-18.4246	-3.17194	-8.70776	-16.2049	1.5906	-18.81	973.729	2.99579	2.85948	0.854459	

0.00486	8.27598	0.355391	0.172876	0.382977	-18.4145	-3.18413	-8.72616	-16.171	1.62906	-18.7574	966.895	2.99778	2.86575	0.858886	

0.00488	8.2994	0.355844	0.171855	0.381596	-18.406	-3.19446	-8.74274	-16.138	1.67297	-18.7029	959.483	2.99992	2.87258	0.863756	

0.0049	8.32472	0.356161	0.171119	0.380455	-18.3992	-3.20344	-8.75714	-16.1056	1.72183	-18.6462	951.514	3.0022	2.87996	0.869034	

0.00492	8.35184	0.356399	0.170533	0.379459	-18.394	-3.21144	-8.76818	-16.0736	1.77548	-18.5863	942.997	3.00464	2.88786	0.874705	

0.00494	8.3807	0.356564	0.170024	0.378761	-18.3896	-3.21823	-8.77544	-16.0402	1.83394	-18.5218	933.898	3.00724	2.8963	0.88076	

0.00496	8.4112	0.356632	0.169656	0.378459	-18.3857	-3.2233	-8.77945	-16.0036	1.89703	-18.4513	924.173	3.01002	2.90527	0.887183	

0.00498	8.4432	0.356583	0.169506	0.378555	-18.3825	-3.22652	-8.78087	-15.962	1.96434	-18.3737	913.79	3.013	2.91478	0.893946	

0.005	8.47648	0.356416	0.169586	0.379021	-18.3801	-3.22803	-8.78029	-15.9135	2.03525	-18.2877	902.725	3.0162	2.9248	0.901007	

0.00502	8.51082	0.356139	0.169888	0.379811	-18.3784	-3.22811	-8.77826	-15.8564	2.10906	-18.1923	890.96	3.01963	2.9353	0.908322	

0.00504	8.54597	0.355766	0.170386	0.380874	-18.3775	-3.22717	-8.77531	-15.7892	2.18502	-18.0864	878.48	3.02329	2.94623	0.91584	

0.00506	8.58169	0.355312	0.171044	0.382154	-18.3773	-3.22562	-8.77193	-15.7107	2.26239	-17.9691	865.277	3.02716	2.95754	0.923512	

0.00508	8.61774	0.354797	0.171823	0.383596	-18.3776	-3.22386	-8.76862	-15.6196	2.34047	-17.8399	851.342	3.03125	2.96918	0.931288	

0.0051	8.65391	0.354235	0.172688	0.38516	-18.3781	-3.22224	-8.76583	-15.5152	2.41861	-17.6981	836.667	3.03553	2.98108	0.939121	

0.00512	8.68998	0.353645	0.173602	0.386778	-18.3788	-3.22107	-8.76401	-15.3972	2.49623	-17.5439	821.252	3.03998	2.99317	0.946966	

0.00514	8.72578	0.353056	0.174495	0.388351	-18.3799	-3.22053	-8.76328	-15.2658	2.57289	-17.3777	805.108	3.04457	3.0054	0.954784	

0.00516	8.76117	0.352486	0.17533	0.389832	-18.3811	-3.22056	-8.76348	-15.1218	2.64837	-17.2003	788.244	3.04929	3.0177	0.962546	

0.00518	8.79606	0.35194	0.176112	0.391227	-18.3823	-3.22105	-8.76448	-14.9655	2.7225	-17.0121	770.658	3.05408	3.03002	0.970227	

0.0052	8.83034	0.35142	0.176847	0.392542	-18.3835	-3.22194	-8.76618	-14.7979	2.79511	-16.8139	752.348	3.05894	3.04231	0.977805	

0.00522	8.86393	0.350924	0.177537	0.393779	-18.3846	-3.22318	-8.76852	-14.6199	2.86603	-16.6068	733.318	3.06384	3.05452	0.985258	

0.00524	8.89675	0.350454	0.178185	0.394941	-18.3856	-3.22473	-8.77141	-14.4325	2.93512	-16.3918	713.57	3.06874	3.06661	0.992566	

0.00526	8.9287	0.350008	0.178792	0.39603	-18.3867	-3.22655	-8.77481	-14.2369	3.00224	-16.1701	693.109	3.07363	3.07853	0.999709	

0.00528	8.95973	0.349588	0.17936	0.397049	-18.3877	-3.22862	-8.77867	-14.0343	3.06725	-15.9428	671.941	3.07849	3.09024	1.00667	

0.0053	8.98978	0.349193	0.179891	0.398	-18.3886	-3.2309	-8.78292	-13.826	3.13005	-15.7112	650.075	3.08328	3.10171	1.01343	

0.00532	9.01878	0.348823	0.180387	0.398888	-18.3895	-3.23337	-8.78753	-13.6133	3.19055	-15.4766	627.521	3.088	3.11289	1.01998	

0.00534	9.04671	0.348477	0.180849	0.399714	-18.3904	-3.23601	-8.79245	-13.3976	3.24866	-15.2403	604.29	3.09262	3.12376	1.02631	

0.00536	9.07351	0.348155	0.181281	0.400482	-18.3912	-3.2388	-8.79765	-13.1801	3.30434	-15.0037	580.398	3.09713	3.13429	1.0324	

0.00538	9.09917	0.347856	0.181683	0.401197	-18.392	-3.24172	-8.80309	-12.9623	3.35752	-14.7679	555.862	3.10151	3.14446	1.03825	

0.0054	9.12367	0.347578	0.182058	0.401861	-18.3927	-3.24475	-8.80873	-12.7452	3.40819	-14.5341	530.703	3.10574	3.15424	1.04385	

0.00542	9.14699	0.347322	0.182408	0.402479	-18.3933	-3.24787	-8.81455	-12.5302	3.45633	-14.3036	504.943	3.10983	3.16362	1.04919	

0.00544	9.16912	0.347085	0.182735	0.403054	-18.3939	-3.25108	-8.82052	-12.3184	3.50194	-14.0774	478.61	3.11375	3.17258	1.05427	

0.00546	9.19008	0.346867	0.183041	0.403589	-18.3945	-3.25436	-8.8266	-12.1107	3.54502	-13.8566	451.735	3.11751	3.18112	1.0591	

0.00548	9.20986	0.346666	0.183326	0.404086	-18.3949	-3.25769	-8.83277	-11.9083	3.58561	-13.6419	424.355	3.12109	3.18924	1.06366	

0.0055	9.22848	0.346482	0.183593	0.404549	-18.3953	-3.26105	-8.83899	-11.7118	3.62374	-13.4342	396.511	3.1245	3.19692	1.06797	

0.00552	9.24596	0.346313	0.18384	0.404978	-18.3957	-3.26441	-8.84522	-11.5222	3.65947	-13.2342	368.25	3.12772	3.20416	1.07202	

0.00554	9.26233	0.346159	0.184067	0.405375	-18.3959	-3.26774	-8.85141	-11.3399	3.69286	-13.0425	339.625	3.13076	3.21098	1.07582	

0.00556	9.27762	0.34602	0.184274	0.405738	-18.3961	-3.27099	-8.85751	-11.1656	3.72399	-12.8596	310.697	3.13363	3.21738	1.07937	

0.00558	9.29186	0.345893	0.184457	0.406068	-18.3963	-3.27411	-8.86345	-10.9997	3.75296	-12.6857	281.534	3.13631	3.22336	1.08268	

0.0056	9.30508	0.345781	0.184612	0.406362	-18.3964	-3.27701	-8.86914	-10.8425	3.77985	-12.5213	252.21	3.13882	3.22893	1.08577	

0.00562	9.31734	0.345682	0.184736	0.406616	-18.3965	-3.27958	-8.87451	-10.6942	3.80479	-12.3665	222.81	3.14115	3.23411	1.08863	

0.00564	9.32868	0.345598	0.184824	0.406828	-18.3966	-3.28172	-8.87945	-10.5549	3.82791	-12.2212	193.425	3.14332	3.23892	1.09128	

0.00566	9.33914	0.345529	0.184869	0.406991	-18.3967	-3.2833	-8.88385	-10.4248	3.84933	-12.0856	164.155	3.14532	3.24336	1.09373	

0.00568	9.34878	0.345475	0.184867	0.407101	-18.3969	-3.28416	-8.88756	-10.3038	3.8692	-11.9595	135.107	3.14717	3.24746	1.09599	

0.0057	9.35764	0.345437	0.184817	0.40715	-18.3972	-3.28421	-8.89045	-10.1917	3.88766	-11.8428	106.398	3.14887	3.25123	1.09807	

0.00572	9.36579	0.345416	0.184723	0.407133	-18.3975	-3.28337	-8.89234	-10.0885	3.90485	-11.7352	78.1507	3.15043	3.25469	1.09998	

0.00574	9.37327	0.345408	0.184597	0.407046	-18.398	-3.2817	-8.893	-9.9938	3.92088	-11.6363	50.4913	3.15185	3.25786	1.10174	

0.00576	9.38013	0.345414	0.184453	0.406888	-18.3985	-3.27938	-8.89224	-9.90745	3.93583	-11.5458	23.5502	3.15314	3.26075	1.10335	

0.00578	9.38641	0.345434	0.184276	0.406671	-18.3992	-3.27655	-8.88996	-9.8291	3.94977	-11.4633	-2.54386	3.15432	3.26339	1.10483	

0.0058	9.39215	0.345469	0.184031	0.406418	-18.4	-3.27302	-8.88633	-9.75826	3.96283	-11.3883	-27.6948	3.15538	3.2658	1.10618	

0.00582	9.39741	0.345518	0.183691	0.406123	-18.4009	-3.26832	-8.8817	-9.69441	3.97514	-11.3205	-51.8076	3.15635	3.26799	1.10742	

0.00584	9.40223	0.345587	0.183248	0.405716	-18.4022	-3.26201	-8.87596	-9.63749	3.98688	-11.2598	-74.6936	3.15721	3.26998	1.10856	

0.00586	9.40667	0.345684	0.182692	0.405144	-18.4039	-3.25383	-8.86842	-9.5874	3.99828	-11.2058	-96.151	3.15798	3.27178	1.10961	

0.00588	9.41078	0.345815	0.182011	0.404399	-18.4059	-3.24358	-8.85839	-9.54383	4.00954	-11.1581	-116.054	3.15867	3.27343	1.11058	

0.0059	9.41463	0.345982	0.181193	0.40348	-18.4084	-3.23103	-8.84542	-9.50647	4.02089	-11.1162	-134.315	3.15928	3.27493	1.11148	

0.00592	9.41827	0.346186	0.180224	0.402382	-18.4114	-3.21589	-8.82918	-9.47498	4.03251	-11.0797	-150.87	3.15982	3.27631	1.11235	

0.00594	9.42176	0.346429	0.17909	0.401088	-18.4149	-3.19789	-8.8094	-9.44905	4.04455	-11.0481	-165.665	3.1603	3.27759	1.11317	

0.00596	9.42514	0.346714	0.177775	0.399579	-18.4192	-3.17672	-8.78576	-9.4284	4.05718	-11.0212	-178.66	3.16072	3.27878	1.11397	

0.00598	9.42845	0.347045	0.176263	0.397833	-18.4241	-3.15207	-8.75791	-9.41278	4.07057	-10.9985	-189.833	3.16109	3.2799	1.11475	

0.006	9.43173	0.347424	0.174535	0.395828	-18.4298	-3.12362	-8.72548	-9.40196	4.08486	-10.9799	-199.183	3.16142	3.28097	1.11553	

0.00602	9.43503	0.347856	0.172575	0.393545	-18.4364	-3.09105	-8.68806	-9.39572	4.10021	-10.9649	-206.738	3.1617	3.28199	1.11631	

0.00604	9.43838	0.348342	0.170369	0.390964	-18.4439	-3.05404	-8.64525	-9.39386	4.11677	-10.9532	-212.547	3.16195	3.28299	1.1171	

0.00606	9.44182	0.348886	0.167901	0.388069	-18.4523	-3.01226	-8.59669	-9.39616	4.13464	-10.9446	-216.685	3.16217	3.28398	1.11791	

0.00608	9.44538	0.349487	0.165159	0.384846	-18.4618	-2.96542	-8.542	-9.40244	4.15394	-10.9389	-219.245	3.16236	3.28496	1.11876	

0.0061	9.44907	0.350147	0.162133	0.381281	-18.4723	-2.91324	-8.48086	-9.41249	4.17474	-10.9357	-220.333	3.16253	3.28594	1.11963	

0.00612	9.45293	0.350866	0.158811	0.377362	-18.4839	-2.85548	-8.41295	-9.42612	4.19709	-10.9347	-220.068	3.16268	3.28694	1.12055	

0.00614	9.45695	0.351642	0.155187	0.37308	-18.4966	-2.79189	-8.33798	-9.44312	4.22104	-10.9359	-218.575	3.16282	3.28796	1.1215	

0.00616	9.46117	0.352474	0.151255	0.368428	-18.5104	-2.7223	-8.2557	-9.46331	4.24658	-10.9388	-215.984	3.16294	3.28901	1.1225	

0.00618	9.46557	0.35336	0.147011	0.3634	-18.5252	-2.64653	-8.16589	-9.48647	4.27369	-10.9434	-212.423	3.16305	3.29009	1.12354	

0.0062	9.47016	0.354296	0.142455	0.357993	-18.5411	-2.56449	-8.06837	-9.51241	4.30231	-10.9493	-208.02	3.16316	3.2912	1.12463	

0.00622	9.47492	0.355278	0.137587	0.352207	-18.5579	-2.4761	-7.96298	-9.54092	4.33237	-10.9565	-202.897	3.16325	3.29234	1.12577	

0.00624	9.47986	0.356301	0.132414	0.346044	-18.5757	-2.38135	-7.84962	-9.57178	4.36375	-10.9646	-197.167	3.16335	3.29352	1.12694	

0.00626	9.48495	0.357358	0.126941	0.339509	-18.5943	-2.28028	-7.72822	-9.60478	4.39632	-10.9735	-190.936	3.16344	3.29472	1.12815	

0.00628	9.49017	0.358444	0.12118	0.332607	-18.6136	-2.17298	-7.59876	-9.63972	4.42992	-10.983	-184.302	3.16353	3.29595	1.12939	

0.0063	9.49549	0.359552	0.115143	0.325347	-18.6336	-2.05964	-7.46124	-9.67637	4.46437	-10.993	-177.35	3.16361	3.29721	1.13066	

0.00632	9.5009	0.360675	0.108848	0.31774	-18.6541	-1.94048	-7.31575	-9.71454	4.49946	-11.0032	-170.157	3.1637	3.29848	1.13195	

0.00634	9.50636	0.361806	0.102315	0.3098	-18.675	-1.81582	-7.16239	-9.75406	4.53498	-11.0137	-162.79	3.16378	3.29976	1.13325	

0.00636	9.51183	0.362934	0.0955669	0.301543	-18.6963	-1.68605	-7.00133	-9.79476	4.57068	-11.0243	-155.301	3.16386	3.30105	1.13456	

0.00638	9.51729	0.364049	0.0886321	0.292987	-18.7178	-1.55165	-6.83277	-9.83639	4.60631	-11.0348	-147.732	3.16394	3.30233	1.13586	

0.0064	9.52269	0.365145	0.0815403	0.284152	-18.7391	-1.41318	-6.65697	-9.87871	4.64162	-11.0451	-140.13	3.16402	3.30359	1.13715	

0.00642	9.52799	0.366213	0.0743247	0.275059	-18.7602	-1.27127	-6.47426	-9.92153	4.67634	-11.0552	-132.528	3.16408	3.30483	1.13841	

0.00644	9.53315	0.367244	0.0670398	0.265732	-18.7807	-1.12671	-6.28498	-9.9646	4.71022	-11.0649	-124.956	3.16415	3.30603	1.13965	

0.00646	9.53815	0.368226	0.0597769	0.256196	-18.8004	-0.980686	-6.08948	-10.0077	4.74295	-11.0741	-117.429	3.1642	3.30719	1.14084	

0.00648	9.54294	0.369155	0.0526026	0.246475	-18.8192	-0.834758	-5.88808	-10.0508	4.77424	-11.0829	-109.933	3.16424	3.30829	1.14199	

0.0065	9.54748	0.370026	0.0455504	0.23659	-18.837	-0.690317	-5.68116	-10.0939	4.80385	-11.0913	-102.452	3.16426	3.30932	1.14308	

0.00652	9.55177	0.370836	0.0386663	0.226562	-18.8537	-0.548626	-5.46915	-10.1367	4.83158	-11.0994	-94.9854	3.16427	3.31028	1.1441	

0.00654	9.55577	0.371581	0.0320065	0.216417	-18.8692	-0.410878	-5.25255	-10.1792	4.85728	-11.1073	-87.5404	3.16427	3.31116	1.14506	

0.00656	9.55947	0.372263	0.0256342	0.206182	-18.8835	-0.27829	-5.03187	-10.2212	4.88083	-11.115	-80.1308	3.16424	3.31197	1.14595	

0.00658	9.56287	0.372878	0.0195978	0.195895	-18.8965	-0.152213	-4.80771	-10.2626	4.90214	-11.1225	-72.7755	3.1642	3.31269	1.14676	

0.0066	9.56597	0.373428	0.0139219	0.185624	-18.9081	-0.0339138	-4.58089	-10.3031	4.92115	-11.1299	-65.5206	3.16415	3.31332	1.14751	

0.00662	9.56876	0.373913	0.0086415	0.17542	-18.9184	0.0757984	-4.35265	-10.3423	4.93789	-11.1372	-58.4151	3.16408	3.31388	1.14817	

0.00664	9.57124	0.374336	0.00382287	0.165297	-18.9275	0.176347	-4.12406	-10.3802	4.95241	-11.1444	-51.4854	3.16399	3.31436	1.14877	

0.00666	9.57344	0.374704	-0.000521216	0.155292	-18.9353	0.266706	-3.89587	-10.4166	4.96477	-11.1515	-44.756	3.1639	3.31476	1.1493	

0.00668	9.57537	0.375021	-0.00441786	0.145449	-18.942	0.346098	-3.66894	-10.4513	4.9751	-11.1587	-38.262	3.16379	3.31509	1.14976	

0.0067	9.57705	0.375289	-0.00781164	0.135795	-18.9477	0.415086	-3.44443	-10.4842	4.98358	-11.1659	-32.0414	3.16368	3.31536	1.15017	

0.00672	9.57849	0.375514	-0.0107419	0.126374	-18.9524	0.474912	-3.22348	-10.515	4.99046	-11.1729	-26.1321	3.16356	3.31557	1.15051	

0.00674	9.57972	0.375702	-0.0133715	0.117253	-18.9562	0.526223	-3.00724	-10.5436	4.99592	-11.1797	-20.5943	3.16344	3.31574	1.15081	

0.00676	9.58076	0.375857	-0.0156783	0.108465	-18.9592	0.571967	-2.79748	-10.5698	5.00026	-11.1862	-15.4786	3.16332	3.31586	1.15106	

0.00678	9.58164	0.375984	-0.0175333	0.100015	-18.9617	0.607432	-2.5942	-10.5938	5.00341	-11.1925	-10.7632	3.16321	3.31595	1.15127	

0.0068	9.58237	0.376084	-0.0188282	0.0918997	-18.9635	0.627479	-2.3968	-10.6155	5.00535	-11.1985	-6.39739	3.1631	3.31601	1.15144	

0.00682	9.58297	0.376163	-0.0196644	0.0841431	-18.9648	0.636944	-2.20649	-10.6351	5.00644	-11.2042	-2.39093	3.16299	3.31605	1.15159	

0.00684	9.58346	0.376224	-0.0201464	0.0767696	-18.9657	0.63817	-2.02411	-10.6526	5.00692	-11.2097	1.24464	3.16289	3.31607	1.15171	

0.00686	9.58386	0.37627	-0.0203486	0.0697954	-18.9662	0.632375	-1.8502	-10.668	5.00694	-11.2147	4.5069	3.16279	3.31607	1.1518	

0.00688	9.58418	0.376303	-0.0203714	0.0632338	-18.9663	0.620953	-1.68531	-10.6814	5.00663	-11.2193	7.39712	3.1627	3.31607	1.15188	

0.0069	9.58443	0.376324	-0.0202366	0.0570941	-18.9661	0.605514	-1.52993	-10.6929	5.00611	-11.2233	9.92735	3.16263	3.31605	1.15194	

0.00692	9.58463	0.376335	-0.0198169	0.0513767	-18.9657	0.586378	-1.3842	-10.7027	5.00545	-11.2268	12.1338	3.16255	3.31603	1.15199	

0.00694	9.58478	0.376339	-0.0190713	0.0460716	-18.965	0.56271	-1.24791	-10.711	5.00467	-11.23	14.0557	3.16249	3.316	1.15202	

0.00696	9.58489	0.376338	-0.0181023	0.0411642	-18.9642	0.534497	-1.12081	-10.7179	5.00382	-11.2327	15.7163	3.16243	3.31598	1.15205	

0.00698	9.58498	0.376333	-0.0170062	0.0366405	-18.9632	0.502684	-1.00275	-10.7235	5.00297	-11.235	17.1332	3.16238	3.31595	1.15207	

0.007	9.58504	0.376325	-0.0158395	0.0324874	-18.9621	0.468512	-0.89359	-10.7282	5.00215	-11.2369	18.3296	3.16233	3.31592	1.15209	

0.00702	9.58508	0.376312	-0.0146308	0.0286915	-18.961	0.433075	-0.793114	-10.7319	5.00138	-11.2384	19.3301	3.16229	3.3159	1.1521	

0.00704	9.58511	0.376295	-0.0134133	0.0252376	-18.9598	0.39723	-0.701067	-10.7347	5.00069	-11.2396	20.1566	3.16226	3.31587	1.1521	

0.00706	9.58512	0.376276	-0.0122164	0.0221097	-18.9584	0.361775	-0.61716	-10.7368	5.00008	-11.2405	20.8307	3.16223	3.31584	1.15211	

0.00708	9.58512	0.376255	-0.0110512	0.0192906	-18.957	0.327291	-0.54105	-10.7384	4.99955	-11.241	21.3743	3.1622	3.31582	1.15211	

0.0071	9.58511	0.376231	-0.00992944	0.0167617	-18.9555	0.294176	-0.472344	-10.7394	4.99908	-11.2412	21.808	3.16218	3.31579	1.1521	

0.00712	9.58509	0.376205	-0.00886217	0.0145038	-18.9539	0.262724	-0.410622	-10.74	4.99869	-11.2413	22.1499	3.16215	3.31577	1.1521	

0.00714	9.58507	0.376178	-0.00785778	0.0124973	-18.9523	0.233154	-0.35544	-10.7402	4.99835	-11.2411	22.4162	3.16214	3.31575	1.15209	

0.00716	9.58504	0.37615	-0.00692207	0.0107227	-18.9506	0.205614	-0.306344	-10.7402	4.99806	-11.2407	22.621	3.16212	3.31572	1.15209	

0.00718	9.585	0.37612	-0.00605853	0.0091605	-18.9488	0.18019	-0.262875	-10.74	4.99782	-11.2402	22.7764	3.1621	3.3157	1.15208	

0.0072	9.58497	0.376089	-0.00526859	0.0077918	-18.947	0.156916	-0.224573	-10.7395	4.99761	-11.2396	22.8924	3.16209	3.31567	1.15207	

0.00722	9.58492	0.376057	-0.00455197	0.0065983	-18.9452	0.135778	-0.190988	-10.739	4.99742	-11.2389	22.9776	3.16207	3.31565	1.15206	

0.00724	9.58488	0.376024	-0.00390695	0.00556249	-18.9433	0.116726	-0.161682	-10.7383	4.99726	-11.2382	23.0388	3.16206	3.31562	1.15205	

0.00726	9.58483	0.37599	-0.00333072	0.00466777	-18.9413	0.0996756	-0.136233	-10.7375	4.99711	-11.2373	23.0817	3.16204	3.3156	1.15204	

0.00728	9.58478	0.375955	-0.00281955	0.00389855	-18.9393	0.0845218	-0.114239	-10.7366	4.99698	-11.2364	23.1107	3.16203	3.31557	1.15202	

0.0073	9.58473	0.375919	-0.00236904	0.00324029	-18.9373	0.07114	-0.0953218	-10.7357	4.99686	-11.2355	23.1294	3.16201	3.31554	1.15201	

0.00732	9.58467	0.375883	-0.0019744	0.00267955	-18.9352	0.059393	-0.0791266	-10.7348	4.99674	-11.2345	23.1405	3.162	3.31552	1.152	

0.00734	9.58461	0.375846	-0.00163053	0.00220398	-18.9331	0.0491358	-0.0653248	-10.7338	4.99663	-11.2334	23.146	3.16199	3.31549	1.15198	

0.00736	9.58456	0.375808	-0.00133195	0.0018023	-18.931	0.0402181	-0.0536132	-10.7327	4.99652	-11.2324	23.1476	3.16197	3.31546	1.15197	

0.00738	9.5845	0.375769	-0.00107319	0.00146425	-18.9287	0.0324838	-0.0437129	-10.7316	4.99641	-11.2313	23.1464	3.16196	3.31543	1.15196	

0.0074	9.58444	0.375729	-0.000848793	0.00118059	-18.9265	0.0257673	-0.0353682	-10.7305	4.99631	-11.2302	23.1435	3.16194	3.3154	1.15194	

0.00742	9.58437	0.375688	-0.000652546	0.000942857	-18.9242	0.0198739	-0.0283409	-10.7294	4.9962	-11.229	23.1393	3.16193	3.31537	1.15193	

0.00744	9.58431	0.375647	-0.000478281	0.000743499	-18.9218	0.0145195	-0.0223966	-10.7283	4.99609	-11.2279	23.1343	3.16191	3.31534	1.15191	

0.00746	9.58424	0.375604	-0.000323238	0.000576514	-18.9194	0.0091343	-0.0172694	-10.7271	4.99598	-11.2267	23.129	3.16189	3.31531	1.15189	

0.00748	9.58418	0.375561	-0.000197334	0.000439428	-18.917	0.00500661	-0.0130765	-10.7259	4.99586	-11.2254	23.1234	3.16188	3.31528	1.15188	

0.0075	9.58411	0.375516	-0.000127196	0.000334257	-18.9144	0.00342315	-0.0100022	-10.7246	4.99575	-11.2242	23.1177	3.16186	3.31524	1.15186	

0.00752	9.58404	0.375471	-9.76103e-05	0.000255809	-18.9118	0.00297699	-0.00773083	-10.7233	4.99563	-11.2229	23.1121	3.16184	3.31521	1.15184	

0.00754	9.58396	0.375424	-8.14768e-05	0.000196181	-18.9092	0.00259617	-0.00596845	-10.722	4.99551	-11.2216	23.1067	3.16183	3.31517	1.15183	

0.00756	9.58389	0.375375	-6.77886e-05	0.000150119	-18.9064	0.00216204	-0.00458688	-10.7207	4.99538	-11.2202	23.1015	3.16181	3.31514	1.15181	

0.00758	9.58381	0.375326	-5.51247e-05	0.000114441	-18.9036	0.00174816	-0.00350992	-10.7193	4.99525	-11.2188	23.0967	3.16179	3.3151	1.15179	

0.0076	9.58373	0.375274	-4.40648e-05	8.69078e-05	-18.9007	0.00139505	-0.00267603	-10.7179	4.99512	-11.2174	23.0921	3.16177	3.31506	1.15177	

0.00762	9.58365	0.375221	-3.48611e-05	6.5755e-05	-18.8977	0.0011055	-0.00203317	-10.7164	4.99498	-11.2159	23.0879	3.16175	3.31502	1.15175	

0.00764	9.58356	0.375166	-2.73852e-05	4.95684e-05	-18.8946	0.000871121	-0.00153928	-10.7149	4.99483	-11.2144	23.0841	3.16173	3.31498	1.15173	

0.00766	9.58347	0.375108	-2.13821e-05	3.72263e-05	-18.8914	0.000682573	-0.00116106	-10.7133	4.99468	-11.2128	23.0807	3.16171	3.31493	1.15171	

0.00768	9.58338	0.375048	-1.65968e-05	2.78488e-05	-18.888	0.000531751	-0.000872426	-10.7117	4.99453	-11.2111	23.0778	3.16169	3.31489	1.15169	

0.0077	9.58328	0.374984	-1.28057e-05	2.07497e-05	-18.8844	0.000411798	-0.000652929	-10.7099	4.99436	-11.2094	23.0754	3.16166	3.31484	1.15166	

0.00772	9.58317	0.374917	-9.82018e-06	1.53955e-05	-18.8807	0.000316954	-0.000486625	-10.7081	4.99419	-11.2075	23.0738	3.16164	3.31479	1.15164	

0.00774	9.58306	0.374845	-7.48327e-06	1.1373e-05	-18.8766	0.000242416	-0.000361108	-10.7062	4.994	-11.2056	23.073	3.16161	3.31474	1.15161	

0.00776	9.58294	0.374767	-5.66548e-06	8.36322e-06	-18.8723	0.000184203	-0.000266753	-10.7041	4.9938	-11.2035	23.0733	3.16158	3.31468	1.15158	

0.00778	9.58281	0.374682	-4.26062e-06	6.12072e-06	-18.8676	0.000139035	-0.000196122	-10.7018	4.99358	-11.2012	23.0751	3.16155	3.31461	1.15155	

0.0078	9.58266	0.374587	-3.18213e-06	4.45726e-06	-18.8624	0.000104224	-0.00014348	-10.6993	4.99333	-11.1986	23.0788	3.16151	3.31454	1.15151	

0.00782	9.58249	0.374478	-2.3599e-06	3.22903e-06	-18.8565	7.75809e-05	-0.000104427	-10.6965	4.99306	-11.1958	23.0852	3.16147	3.31446	1.15147	

0.00784	9.5823	0.374353	-1.73749e-06	2.32653e-06	-18.8497	5.73344e-05	-7.55932e-05	-10.6932	4.99274	-11.1925	23.0951	3.16143	3.31437	1.15143	

0.00786	9.58208	0.374203	-1.26978e-06	1.66674e-06	-18.8417	4.20608e-05	-5.44122e-05	-10.6894	4.99236	-11.1886	23.11	3.16137	3.31426	1.15137	

0.00788	9.5818	0.374022	-9.20923e-07	1.18694e-06	-18.832	3.06243e-05	-3.89348e-05	-10.6848	4.9919	-11.184	23.1318	3.16131	3.31413	1.15131	

0.0079	9.58146	0.373795	-6.62712e-07	8.39971e-07	-18.8201	2.21259e-05	-2.76874e-05	-10.6791	4.99133	-11.1782	23.1633	3.16123	3.31396	1.15123	

0.00792	9.58103	0.373507	-4.7308e-07	5.90518e-07	-18.805	1.58597e-05	-1.95612e-05	-10.672	4.99061	-11.171	23.2082	3.16112	3.31375	1.15112	

0.00794	9.58047	0.373132	-3.34921e-07	4.1227e-07	-18.7855	1.12756e-05	-1.37255e-05	-10.6627	4.98968	-11.1617	23.272	3.16099	3.31349	1.15099	

0.00796	9.57973	0.372636	-2.35082e-07	2.85718e-07	-18.7598	7.94916e-06	-9.56119e-06	-10.6507	4.98846	-11.1495	23.3621	3.16081	3.31313	1.15081	

0.00798	9.57875	0.371971	-1.63538e-07	1.96476e-07	-18.7257	5.55507e-06	-6.60938e-06	-10.6346	4.98682	-11.1332	23.4889	3.16057	3.31265	1.15057	

0.008	9.57742	0.371069	-1.12709e-07	1.3399e-07	-18.6795	3.84654e-06	-4.53165e-06	-10.6128	4.98461	-11.1113	23.6666	3.16026	3.31201	1.15026	

0.00802	9.57561	0.369838	-7.69174e-08	9.0568e-08	-18.6167	2.63785e-06	-3.07997e-06	-10.5833	4.98159	-11.0814	23.9146	3.15982	3.31114	1.14982	

0.00804	9.57312	0.368147	-5.19468e-08	6.06344e-08	-18.5307	1.79047e-06	-2.07362e-06	-10.5428	4.97744	-11.0405	24.2587	3.15922	3.30994	1.14922	

0.00806	9.56969	0.365817	-3.46935e-08	4.01753e-08	-18.4125	1.20197e-06	-1.38181e-06	-10.4871	4.97174	-10.9843	24.7323	3.1584	3.30828	1.1484	

0.00808	9.56496	0.362604	-2.28936e-08	2.63198e-08	-18.2499	7.97332e-07	-9.10485e-07	-10.4104	4.96388	-10.9068	25.377	3.15726	3.306	1.14726	

0.0081	9.55845	0.358184	-1.49108e-08	1.70296e-08	-18.0269	5.22043e-07	-5.92495e-07	-10.3049	4.95307	-10.8002	26.2416	3.1557	3.30286	1.1457	

0.00812	9.54951	0.35213	-9.5733e-09	1.0868e-08	-17.7222	3.36897e-07	-3.80239e-07	-10.1602	4.93824	-10.654	27.3761	3.15356	3.29856	1.14356	

0.00814	9.53733	0.3439	-6.0499e-09	6.83048e-09	-17.3094	2.13936e-07	-2.40236e-07	-9.96327	4.91806	-10.4551	28.8194	3.15065	3.2927	1.14065	

0.00816	9.52088	0.332842	-3.7567e-09	4.22017e-09	-16.7571	1.33414e-07	-1.49124e-07	-9.69788	4.89087	-10.187	30.5751	3.14671	3.2848	1.13671	

0.00818	9.49899	0.318225	-2.28764e-09	2.5581e-09	-16.0307	8.15204e-08	-9.07346e-08	-9.34561	4.85481	-9.83109	32.5683	3.14149	3.2743	1.13149	

0.0082	9.47045	0.299328	-1.36324e-09	1.51803e-09	-15.0979	4.86856e-08	-5.39795e-08	-8.88774	4.80798	-9.36854	34.5945	3.1347	3.26066	1.1247	

0.00822	9.43418	0.275619	-7.93337e-10	8.80029e-10	-13.9361	2.83486e-08	-3.13204e-08	-8.30862	4.74879	-8.7835	36.2768	3.12611	3.24337	1.11611	

0.00824	9.38963	0.247017	-4.50043e-10	4.97471e-10	-12.5441	1.60603e-08	-1.76867e-08	-7.60167	4.67657	-8.06933	37.0269	3.11559	3.22223	1.10559	

0.00826	9.33735	0.214068	-2.48585e-10	2.73901e-10	-10.9603	8.8429e-09	-9.70972e-09	-6.77965	4.59253	-7.2389	36.2318	3.10331	3.19756	1.09331	

0.00828	9.27945	0.179413	-1.33719e-10	1.46905e-10	-9.26388	4.73458e-09	-5.1847e-09	-5.87623	4.50033	-6.32626	32.8647	3.0898	3.17039	1.0798	

0.0083	9.22081	0.146227	-7.01958e-11	7.69109e-11	-7.608	2.47358e-09	-2.7021e-09	-4.9715	4.40791	-5.41229	27.1018	3.07619	3.14304	1.06619	

0.00832	9.16546	0.116109	-3.60918e-11	3.94473e-11	-6.10764	1.26638e-09	-1.38027e-09	-4.13427	4.32158	-4.56642	20.572	3.06343	3.11739	1.05343	

0.00834	9.11593	0.0900457	-1.82477e-11	1.98993e-11	-4.81917	6.37988e-10	-6.93929e-10	-3.40301	4.24509	-3.82752	14.5309	3.05207	3.09457	1.04207	

0.00836	9.07361	0.0684504	-9.1072e-12	9.91086e-12	-3.76	3.17523e-10	-3.44709e-10	-2.79385	4.18031	-3.21188	9.63024	3.04242	3.07517	1.03242	

0.00838	9.03888	0.0511896	-4.50226e-12	4.89015e-12	-2.91953	1.56644e-10	-1.69757e-10	-2.30555	4.12752	-2.7183	6.0401	3.03453	3.05931	1.02453	

0.0084	9.01128	0.0377856	-2.21096e-12	2.39716e-12	-2.27085	7.68063e-11	-8.30996e-11	-1.92587	4.08583	-2.33445	3.61665	3.02829	3.04676	1.01829	

0.00842	8.98993	0.0276084	-1.08093e-12	1.17001e-12	-1.78078	3.75069e-11	-4.05179e-11	-1.63747	4.05374	-2.04284	2.08459	3.02347	3.03707	1.01347	

0.00844	8.97375	0.0200135	-5.26983e-13	5.69517e-13	-1.41644	1.82689e-11	-1.9707e-11	-1.42227	4.02952	-1.82522	1.16517	3.01982	3.02974	1.00982	

0.00846	8.9617	0.0144193	-2.56507e-13	2.76801e-13	-1.14885	8.88542e-12	-9.57178e-12	-1.2638	4.01151	-1.66495	0.635521	3.01711	3.0243	1.00711	

0.00848	8.95283	0.0103391	-1.24761e-13	1.34443e-13	-0.954069	4.31865e-12	-4.64623e-12	-1.14825	3.99829	-1.54807	0.339992	3.01512	3.02029	1.00512	

0.0085	8.94636	0.00738503	-6.06728e-14	6.52946e-14	-0.813251	2.0988e-12	-2.25522e-12	-1.06461	3.98867	-1.46347	0.179134	3.01367	3.01737	1.00367	

0.00852	8.94168	0.00525841	-2.95147e-14	3.1723e-14	-0.71197	1.0203e-12	-1.09505e-12	-1.0044	3.98171	-1.40257	0.0932487	3.01262	3.01526	1.00262	

0.00854	8.93831	0.00373414	-1.43664e-14	1.54227e-14	-0.639415	4.96298e-13	-5.32068e-13	-0.961251	3.97671	-1.35892	0.0480755	3.01186	3.01374	1.00186	

0.00856	8.9359	0.00264539	-6.99866e-15	7.50466e-15	-0.587604	2.41611e-13	-2.58749e-13	-0.930425	3.97313	-1.32774	0.0245938	3.01132	3.01266	1.00132	

0.00858	8.93417	0.00186997	-3.41282e-15	3.65557e-15	-0.550706	1.17739e-13	-1.25962e-13	-0.908466	3.97057	-1.30552	0.0125011	3.01093	3.01188	1.00093	

0.0086	8.93295	0.00131907	-1.66607e-15	1.78272e-15	-0.524487	5.74381e-14	-6.13903e-14	-0.89286	3.96875	-1.28974	0.00632045	3.01066	3.01133	1.00066	

0.00862	8.93208	0.000928544	-8.14302e-16	8.70453e-16	-0.505897	2.80539e-14	-2.99566e-14	-0.881793	3.96746	-1.27854	0.00318102	3.01047	3.01094	1.00047	

0.00864	8.93146	0.000652283	-3.98486e-16	4.25562e-16	-0.492741	1.37191e-14	-1.46366e-14	-0.873961	3.96655	-1.27062	0.00159472	3.01033	3.01066	1.00033	

0.00866	8.93102	0.000457247	-1.95248e-16	2.08327e-16	-0.483448	6.71745e-15	-7.16071e-15	-0.868428	3.9659	-1.26502	0.000796795	3.01023	3.01046	1.00023	

0.00868	8.93072	0.000319829	-9.5787e-17	1.02116e-16	-0.476898	3.29335e-15	-3.50787e-15	-0.864528	3.96545	-1.26107	0.00039702	3.01016	3.01032	1.00016	

0.0087	8.9305	0.000223206	-4.70505e-17	5.01188e-17	-0.472289	1.61666e-15	-1.72066e-15	-0.861784	3.96513	-1.2583	0.000197417	3.01011	3.01023	1.00011	

0.00872	8.93035	0.000155408	-2.3139e-17	2.4629e-17	-0.469053	7.94576e-16	-8.45084e-16	-0.859857	3.9649	-1.25635	9.80537e-05	3.01008	3.01016	1.00008	

0.00874	8.93024	0.00010794	-1.13927e-17	1.21174e-17	-0.466785	3.90992e-16	-4.15562e-16	-0.858507	3.96474	-1.25498	4.87081e-05	3.01005	3.01011	1.00005	

0.00876	8.93017	7.4781e-05	-5.61529e-18	5.96841e-18	-0.4652	1.92613e-16	-2.04585e-16	-0.857563	3.96463	-1.25403	2.42417e-05	3.01004	3.01008	1.00004	

0.00878	8.93012	5.16719e-05	-2.77045e-18	2.94275e-18	-0.464095	9.49853e-17	-1.00828e-16	-0.856905	3.96456	-1.25336	1.21171e-05	3.01003	3.01005	1.00003	

0.0088	8.93008	3.56065e-05	-1.36808e-18	1.45228e-18	-0.463325	4.68854e-17	-4.97405e-17	-0.856447	3.9645	-1.2529	6.10253e-06	3.01002	3.01004	1.00002	

0.00882	8.93006	2.44667e-05	-6.76097e-19	7.1729e-19	-0.462791	2.31622e-17	-2.45594e-17	-0.856129	3.96447	-1.25258	3.10943e-06	3.01001	3.01002	1.00001	

0.00884	8.93004	1.67629e-05	-3.34336e-19	3.54513e-19	-0.462422	1.14506e-17	-1.21352e-17	-0.855909	3.96444	-1.25235	1.61076e-06	3.01001	3.01002	1.00001	

0.00886	8.93003	1.14502e-05	-1.65414e-19	1.75307e-19	-0.462167	5.66406e-18	-5.99978e-18	-0.855757	3.96442	-1.2522	8.52826e-07	3.01001	3.01001	1.00001	

0.00888	8.93002	7.79694e-06	-8.18673e-20	8.67221e-20	-0.461991	2.80291e-18	-2.96771e-18	-0.855652	3.96441	-1.25209	4.63799e-07	3.01	3.01001	1	

0.0089	8.93001	5.29234e-06	-4.05254e-20	4.29094e-20	-0.461871	1.38741e-18	-1.46837e-18	-0.85558	3.9644	-1.25202	2.6004e-07	3.01	3.01001	1	

0.00892	8.93001	3.58052e-06	-2.00609e-20	2.12321e-20	-0.461788	6.86823e-19	-7.26611e-19	-0.855531	3.9644	-1.25197	1.50552e-07	3.01	3.01	1	

0.00894	8.93001	2.41427e-06	-9.92898e-21	1.05045e-20	-0.461732	3.39979e-19	-3.59542e-19	-0.855498	3.96439	-1.25194	8.99087e-08	3.01	3.01	1	

0.00896	8.93	1.6223e-06	-4.9126e-21	5.19546e-21	-0.461694	1.68249e-19	-1.77868e-19	-0.855475	3.96439	-1.25191	5.52099e-08	3.01	3.01	1	

0.00898	8.93	1.08631e-06	-2.42938e-21	2.56838e-21	-0.461668	8.32272e-20	-8.79574e-20	-0.85546	3.96439	-1.2519	3.4688e-08	3.01	3.01	1	

0.009	8.93	7.248e-07	-1.20054e-21	1.26882e-21	-0.46165	4.11448e-20	-4.34701e-20	-0.855449	3.96439	-1.25189	2.21858e-08	3.01	3.01	1	

0.00902	8.93	4.81836e-07	-5.92757e-22	6.26285e-22	-0.461639	2.03246e-20	-2.14672e-20	-0.855442	3.96439	-1.25188	1.43703e-08	3.01	3.01	1	

0.00904	8.93	3.19131e-07	-2.92362e-22	3.08814e-22	-0.461631	1.00302e-20	-1.05913e-20	-0.855437	3.96439	-1.25188	9.38976e-09	3.01	3.01	1	

0.00906	8.93	2.10572e-07	-1.44024e-22	1.52089e-22	-0.461625	4.94426e-21	-5.21959e-21	-0.855434	3.96438	-1.25187	6.16409e-09	3.01	3.01	1	

0.00908	8.93	1.3841e-07	-7.08506e-23	7.47999e-23	-0.461622	2.43401e-21	-2.56897e-21	-0.855432	3.96438	-1.25187	4.0525e-09	3.01	3.01	1	

0.0091	8.93	9.06254e-08	-3.47998e-23	3.67313e-23	-0.46162	1.19647e-21	-1.26255e-21	-0.855431	3.96438	-1.25187	2.66781e-09	3.01	3.01	1	

0.00912	8.93	5.91048e-08	-1.70634e-23	1.80067e-23	-0.461618	5.87177e-22	-6.19481e-22	-0.85543	3.96438	-1.25187	1.75126e-09	3.01	3.01	1	

0.00914	8.93	3.83942e-08	-8.3511e-24	8.81105e-24	-0.461617	2.87644e-22	-3.03414e-22	-0.855429	3.96438	-1.25187	1.1533e-09	3.01	3.01	1	

0.00916	8.93	2.48403e-08	-4.07895e-24	4.30282e-24	-0.461616	1.40636e-22	-1.48321e-22	-0.855429	3.96438	-1.25187	7.52878e-10	3.01	3.01	1	

0.00918	8.93	1.60059e-08	-1.98802e-24	2.09677e-24	-0.461616	6.86173e-23	-7.23549e-23	-0.855429	3.96438	-1.25187	4.91094e-10	3.01	3.01	1	

0.0092	8.93	1.0271e-08	-9.66721e-25	1.01944e-24	-0.461616	3.34044e-23	-3.52187e-23	-0.855428	3.96438	-1.25187	3.17466e-10	3.01	3.01	1	

0.00922	8.93	6.56364e-09	-4.6896e-25	4.94461e-25	-0.461615	1.62238e-23	-1.71025e-23	-0.855428	3.96438	-1.25187	2.09566e-10	3.01	3.01	1	

0.00924	8.93	4.17689e-09	-2.26921e-25	2.39227e-25	-0.461615	7.86006e-24	-8.28471e-24	-0.855428	3.96438	-1.25187	1.32927e-10	3.01	3.01	1	

0.00926	8.93	2.64683e-09	-1.09513e-25	1.15437e-25	-0.461615	3.79817e-24	-4.00288e-24	-0.855428	3.96438	-1.25187	8.55582e-11	3.01	3.01	1	

0.00928	8.93	1.67012e-09	-5.2707e-26	5.55512e-26	-0.461615	1.83042e-24	-1.92886e-24	-0.855428	3.96438	-1.25187	5.36904e-11	3.01	3.01	1	

0.0093	8.93	1.04931e-09	-2.5295e-26	2.66569e-26	-0.461615	8.79654e-25	-9.26857e-25	-0.855428	3.96438	-1.25187	3.80163e-11	3.01	3.01	1	

0.00932	8.93	6.56417e-10	-1.21039e-26	1.27542e-26	-0.461615	4.21515e-25	-4.44089e-25	-0.855428	3.96438	-1.25187	2.00906e-11	3.01	3.01	1	

0.00934	8.93	4.08853e-10	-5.77436e-27	6.08397e-27	-0.461615	2.0138e-25	-2.12144e-25	-0.855428	3.96438	-1.25187	1.35958e-11	3.01	3.01	1	

0.00936	8.93	2.53542e-10	-2.7462e-27	2.89316e-27	-0.461615	9.59143e-26	-1.01032e-25	-0.855428	3.96438	-1.25187	8.74634e-12	3.01	3.01	1	

0.00938	8.93	1.56538e-10	-1.3019e-27	1.37144e-27	-0.461615	4.55387e-26	-4.79645e-26	-0.855428	3.96438	-1.25187	8.57314e-12	3.01	3.01	1	

0.0094	8.93	9.62186e-11	-6.15186e-28	6.47993e-28	-0.461615	2.15514e-26	-2.26976e-26	-0.855428	3.96438	-1.25187	7.18758e-12	3.01	3.01	1	

0.00942	8.93	5.88798e-11	-2.89728e-28	3.05155e-28	-0.461615	1.01656e-26	-1.07055e-26	-0.855428	3.96438	-1.25187	2.94431e-12	3.01	3.01	1	

0.00944	8.93	3.58696e-11	-1.35989e-28	1.43219e-28	-0.461615	4.77895e-27	-5.03238e-27	-0.855428	3.96438	-1.25187	1.29896e-12	3.01	3.01	1	

0.00946	8.93	2.17533e-11	-6.36088e-29	6.69857e-29	-0.461615	2.23893e-27	-2.3575e-27	-0.855428	3.96438	-1.25187	0	3.01	3.01	1	

0.00948	8.93	1.31332e-11	-2.96488e-29	3.12207e-29	-0.461615	1.04528e-27	-1.10057e-27	-0.855428	3.96438	-1.25187	0	3.01	3.01	1	

0.0095	8.93	7.8926e-12	-1.37706e-29	1.44997e-29	-0.461615	4.86283e-28	-5.11972e-28	-0.855428	3.96438	-1.25187	-9.09273e-13	3.01	3.01	1	

0.00952	8.93	4.72129e-12	-6.37276e-30	6.70976e-30	-0.461615	2.25415e-28	-2.37309e-28	-0.855428	3.96438	-1.25187	8.65974e-13	3.01	3.01	1	

0.00954	8.93	2.81124e-12	-2.93843e-30	3.09363e-30	-0.461615	1.0411e-28	-1.09598e-28	-0.855428	3.96438	-1.25187	-6.4948e-13	3.01	3.01	1	

0.00956	8.93	1.66573e-12	-1.34988e-30	1.4211e-30	-0.461615	4.79073e-29	-5.04299e-29	-0.855428	3.96438	-1.25187	1.21236e-12	3.01	3.01	1	

0.00958	8.93	9.819e-13	-6.17801e-31	6.50362e-31	-0.461615	2.19629e-29	-2.31182e-29	-0.855428	3.96438	-1.25187	2.59792e-13	3.01	3.01	1	

0.0096	8.93	5.75807e-13	-2.81682e-31	2.96513e-31	-0.461615	1.00309e-29	-1.0558e-29	-0.855428	3.96438	-1.25187	-9.9587e-13	3.01	3.01	1	

0.00962	8.93	3.35726e-13	-1.27942e-31	1.34671e-31	-0.461615	4.56389e-30	-4.80351e-30	-0.855428	3.96438	-1.25187	-1.12577e-12	3.01	3.01	1	

0.00964	8.93	1.94226e-13	-5.78881e-32	6.09301e-32	-0.461615	2.06852e-30	-2.17703e-30	-0.855428	3.96438	-1.25187	6.92779e-13	3.01	3.01	1	

0.00966	8.93	1.1173e-13	-2.60902e-32	2.74601e-32	-0.461615	9.33894e-31	-9.82845e-31	-0.855428	3.96438	-1.25187	-1.47216e-12	3.01	3.01	1	

0.00968	8.93	6.42754e-14	-1.17129e-32	1.23273e-32	-0.461615	4.19988e-31	-4.41984e-31	-0.855428	3.96438	-1.25187	-9.09273e-13	3.01	3.01	1	

0.0097	8.93	3.66061e-14	-5.23764e-33	5.51217e-33	-0.461615	1.88132e-31	-1.97978e-31	-0.855428	3.96438	-1.25187	-5.62883e-13	3.01	3.01	1	

0.00972	8.93	2.05812e-14	-2.3328e-33	2.45499e-33	-0.461615	8.3939e-32	-8.83287e-32	-0.855428	3.96438	-1.25187	-2.59792e-13	3.01	3.01	1	

0.00974	8.93	1.14337e-14	-1.03486e-33	1.08902e-33	-0.461615	3.73016e-32	-3.9251e-32	-0.855428	3.96438	-1.25187	-2.16493e-13	3.01	3.01	1	

0.00976	8.93	5.82281e-15	-4.5723e-34	4.81143e-34	-0.461615	1.65098e-32	-1.7372e-32	-0.855428	3.96438	-1.25187	-1.29896e-13	3.01	3.01	1	

0.00978	8.93	2.5659e-15	-2.01199e-34	2.11715e-34	-0.461615	7.27772e-33	-7.65756e-33	-0.855428	3.96438	-1.25187	-8.65974e-14	3.01	3.01	1	

0.0098	8.93	7.87076e-16	-8.81753e-35	9.27806e-35	-0.461615	3.19506e-33	-3.36172e-33	-0.855428	3.96438	-1.25187	0	3.01	3.01	1	

0.00982	8.93	9.12208e-17	-3.84845e-35	4.04932e-35	-0.461615	1.39696e-33	-1.46978e-33	-0.855428	3.96438	-1.25187	0	3.01	3.01	1	

0.00984	8.93	6.43209e-18	-1.67276e-35	1.76002e-35	-0.461615	6.0827e-34	-6.39961e-34	-0.855428	3.96438	-1.25187	0	3.01	3.01	1	

0.00986	8.93	7.0571e-19	-7.24087e-36	7.61836e-36	-0.461615	2.63763e-34	-2.77498e-34	-0.855428	3.96438	-1.25187	0	3.01	3.01	1	

0.00988	8.93	2.40621e-19	-3.12139e-36	3.28403e-36	-0.461615	1.13905e-34	-1.19833e-34	-0.855428	3.96438	-1.25187	0	3.01	3.01	1	

0.0099	8.93	3.51414e-24	-1.33955e-36	1.4093e-36	-0.461615	4.89968e-35	-5.15456e-35	-0.855428	3.96438	-1.25187	0	3.01	3.01	1	

0.00992	8.93	3.72054e-24	-5.70697e-37	6.00402e-37	-0.461615	2.10117e-35	-2.21042e-35	-0.855428	3.96438	-1.25187	0	3.01	3.01	1	

0.00994	8.93	3.83575e-24	-2.38559e-37	2.50969e-37	-0.461615	9.01637e-36	-9.48495e-36	-0.855428	3.96438	-1.25187	0	3.01	3.01	1	

0.00996	8.93	3.96609e-24	-9.67157e-38	1.01745e-37	-0.461615	3.95482e-36	-4.16026e-36	-0.855428	3.96438	-1.25187	0	3.01	3.01	1	

0.00998	8.93	3.98928e-24	-4.67413e-38	4.91711e-38	-0.461615	2.04895e-36	-2.15537e-36	-0.855428	3.96438	-1.25187	0	3.01	3.01	1	

