 	density	u_1	u_2	u_3	sigma_11	sigma_12	I1	I2	I3	dI_1	dI_2	dI_3
0	9.11221	1.62842e-05	0.5	1	-31.3326	0.901343	-0.17726	-29.938	4.24059	-30.3443	1000	3.05164	3.09328	1.04123
5e-05	9.1122	2.43583e-05	0.5	1	-31.3321	0.901332	-0.177255	-29.9377	4.24056	-30.3439	999.999	3.05164	3.09327	1.04122
0.0001	9.11217	4.06006e-05	0.5	1	-31.3311	0.901314	-0.177245	-29.937	4.24052	-30.3433	999.999	3.05163	3.09326	1.04122
0.00015	9.11213	6.49843e-05	0.5	1	-31.3297	0.901286	-0.177229	-29.9361	4.24046	-30.3423	999.999	3.05162	3.09324	1.04121
0.0002	9.11206	0.000100934	0.5	1.00001	-31.3276	0.901245	-0.177206	-29.9346	4.24036	-30.3409	999.998	3.05161	3.09321	1.04119
0.00025	9.11197	0.000153824	0.5	1.00001	-31.3245	0.901183	-0.177173	-29.9325	4.24022	-30.3387	999.998	3.05159	3.09317	1.04117
0.0003	9.11184	0.000230849	0.5	1.00001	-31.3199	0.901092	-0.177126	-29.9294	4.24001	-30.3356	999.997	3.05156	3.09311	1.04114
0.00035	9.11165	0.000341463	0.5	1.00002	-31.3133	0.900962	-0.177061	-29.9249	4.23972	-30.3311	999.995	3.05151	3.09302	1.0411
0.0004	9.11137	0.000497949	0.5	1.00003	-31.3041	0.900778	-0.176972	-29.9186	4.2393	-30.3248	999.993	3.05145	3.09289	1.04103
0.00045	9.111	0.000715969	0.5	1.00004	-31.2913	0.900523	-0.176852	-29.9099	4.23872	-30.316	999.99	3.05136	3.09272	1.04095
0.0005	9.11048	0.00101508	0.499999	1.00005	-31.2738	0.900173	-0.176693	-29.898	4.23793	-30.304	999.987	3.05125	3.09249	1.04083
0.00055	9.10979	0.00141913	0.499998	1.00007	-31.2503	0.899701	-0.176485	-29.882	4.23686	-30.288	999.982	3.05109	3.09217	1.04067
0.0006	9.10887	0.0019566	0.499996	1.00009	-31.2192	0.899074	-0.17622	-29.8609	4.23545	-30.2667	999.976	3.05088	3.09175	1.04046
0.00065	9.10768	0.00266056	0.499992	1.00011	-31.1787	0.898256	-0.175885	-29.8333	4.23361	-30.239	999.969	3.05061	3.0912	1.04019
0.0007	9.10614	0.00356853	0.499987	1.00015	-31.1267	0.897202	-0.175469	-29.798	4.23124	-30.2034	999.96	3.05025	3.09049	1.03984
0.00075	9.1042	0.00472188	0.499979	1.00019	-31.0611	0.895867	-0.174962	-29.7533	4.22825	-30.1585	999.95	3.04981	3.0896	1.03939
0.0008	9.10177	0.00616493	0.499969	1.00024	-30.9794	0.8942	-0.174352	-29.6978	4.22452	-30.1026	999.938	3.04926	3.08848	1.03884
0.00085	9.09879	0.00794373	0.499954	1.00029	-30.8793	0.892149	-0.173625	-29.6297	4.21994	-30.0341	999.925	3.04857	3.08712	1.03816
0.0009	9.09518	0.0101045	0.499935	1.00036	-30.7585	0.889658	-0.17275	-29.5474	4.2144	-29.9513	999.91	3.04775	3.08546	1.03734
0.00095	9.09087	0.0126917	0.499909	1.00043	-30.6148	0.886676	-0.171708	-29.4495	4.20779	-29.8528	999.894	3.04677	3.08348	1.03635
0.001	9.08579	0.0157465	0.499876	1.00052	-30.4461	0.88316	-0.170499	-29.3345	4.20001	-29.7371	999.877	3.04561	3.08116	1.0352
0.00105	9.07989	0.0193049	0.499835	1.00061	-30.251	0.879071	-0.169112	-29.2013	4.19098	-29.6031	999.861	3.04426	3.07846	1.03385
0.0011	9.07313	0.0233958	0.499785	1.00071	-30.0283	0.874374	-0.167519	-29.0491	4.18064	-29.4499	999.844	3.04272	3.07536	1.03231
0.00115	9.06546	0.0280403	0.499725	1.00082	-29.7772	0.869054	-0.165726	-28.8773	4.16892	-29.277	999.829	3.04098	3.07185	1.03057
0.0012	9.05686	0.0332502	0.499654	1.00093	-29.4977	0.863109	-0.163775	-28.6856	4.15583	-29.0841	999.815	3.03902	3.06792	1.02861
0.00125	9.04734	0.039028	0.499571	1.00105	-29.1901	0.856547	-0.161683	-28.4742	4.14134	-28.8714	999.803	3.03686	3.06358	1.02645
0.0013	9.0369	0.0453665	0.499476	1.00118	-28.8553	0.849385	-0.15947	-28.2436	4.12549	-28.6394	999.794	3.03449	3.05882	1.02409
0.00135	9.02557	0.0522494	0.499368	1.0013	-28.4947	0.841652	-0.157153	-27.9945	4.10832	-28.3888	999.789	3.03192	3.05366	1.02152
0.0014	9.01338	0.0596514	0.499249	1.00143	-28.1101	0.833384	-0.154747	-27.7281	4.0899	-28.1207	999.787	3.02916	3.04811	1.01876
0.00145	9.00039	0.0675396	0.499117	1.00155	-27.7038	0.824629	-0.152273	-27.4458	4.07031	-27.8366	999.79	3.02622	3.04221	1.01583
0.0015	8.98665	0.0758736	0.498974	1.00167	-27.2783	0.81544	-0.14975	-27.1491	4.04966	-27.538	999.796	3.02312	3.03598	1.01273
0.00155	8.97224	0.0846069	0.498819	1.00179	-26.8363	0.805878	-0.147198	-26.8398	4.02807	-27.2268	999.807	3.01988	3.02946	1.00948
0.0016	8.95725	0.0936878	0.498653	1.00191	-26.3809	0.796007	-0.144639	-26.5199	4.00566	-26.9048	999.822	3.0165	3.02268	1.00611
0.00165	8.94176	0.10306	0.498478	1.00201	-25.9152	0.785897	-0.142095	-26.1914	3.98258	-26.5743	999.841	3.01302	3.01569	1.00264
0.0017	8.92587	0.112662	0.498293	1.00211	-25.4425	0.775615	-0.139593	-25.8566	3.95898	-26.2373	999.863	3.00946	3.00853	0.999074
0.00175	8.90968	0.122435	0.4981	1.0022	-24.9663	0.765235	-0.137167	-25.5178	3.93502	-25.8964	999.887	3.00584	3.00125	0.995455
0.0018	8.89334	0.132316	0.497898	1.00228	-24.4906	0.754839	-0.13486	-25.178	3.91092	-25.5543	999.913	3.00219	2.99391	0.991807
0.00185	8.87702	0.142196	0.497686	1.00233	-24.0207	0.744531	-0.132713	-24.8408	3.88694	-25.2149	999.942	2.99855	2.9866	0.98817
0.0019	8.86086	0.151965	0.497466	1.00237	-23.5606	0.734408	-0.130742	-24.5091	3.86327	-24.8811	999.974	2.99495	2.97937	0.984576
0.00195	8.845	0.161554	0.497243	1.00239	-23.1134	0.724549	-0.128941	-24.1854	3.8401	-24.5553	1000.01	2.99142	2.97229	0.981053
0.002	8.82955	0.170888	0.497019	1.00239	-22.6825	0.715026	-0.127317	-23.8721	3.81762	-24.2399	1000.04	2.988	2.9654	0.977628
0.00205	8.81464	0.179895	0.496795	1.00237	-22.2709	0.705908	-0.125874	-23.5715	3.79601	-23.9374	1000.07	2.9847	2.95877	0.974331
0.0021	8.80041	0.188504	0.496573	1.00234	-21.8815	0.697262	-0.124616	-23.286	3.77544	-23.6501	1000.1	2.98155	2.95245	0.971187
0.00215	8.78697	0.196645	0.496355	1.00229	-21.517	0.68915	-0.123561	-23.0177	3.75607	-23.38	1000.13	2.97858	2.94649	0.968222
0.0022	8.77443	0.204253	0.496145	1.00223	-21.1797	0.681622	-0.122735	-22.7686	3.73805	-23.1292	1000.15	2.97582	2.94094	0.965461
0.00225	8.76288	0.211273	0.495943	1.00215	-20.8716	0.674717	-0.122154	-22.5403	3.7215	-22.8994	1000.18	2.97328	2.93583	0.962922
0.0023	8.75241	0.217658	0.495747	1.00205	-20.5943	0.668467	-0.121793	-22.3342	3.70654	-22.692	1000.2	2.97098	2.9312	0.960622
0.00235	8.74308	0.223377	0.49556	1.00194	-20.3488	0.662905	-0.121578	-22.1512	3.69323	-22.5078	1000.22	2.96893	2.92709	0.958574
0.0024	8.73493	0.228402	0.495388	1.00183	-20.1354	0.658077	-0.121453	-21.9917	3.68163	-22.3473	1000.24	2.96714	2.92349	0.956787
0.00245	8.72798	0.232718	0.495235	1.00174	-19.954	0.654037	-0.121494	-21.8558	3.67176	-22.2104	1000.24	2.96561	2.92043	0.955266
0.0025	8.72222	0.236324	0.495105	1.00164	-19.8039	0.650834	-0.121934	-21.743	3.66359	-22.0969	1000.25	2.96435	2.9179	0.954005
0.00255	8.71757	0.239246	0.495	1.00151	-19.6836	0.648508	-0.123028	-21.6527	3.65702	-22.006	1000.26	2.96333	2.91585	0.952988
0.0026	8.71394	0.241543	0.494923	1.0013	-19.5911	0.647103	-0.125045	-21.5833	3.65194	-21.9361	1000.27	2.96254	2.91426	0.952197
0.00265	8.71127	0.24327	0.494885	1.00107	-19.5233	0.646958	-0.129728	-21.5324	3.64824	-21.8849	1000.29	2.96196	2.91309	0.951613
0.0027	8.70946	0.244472	0.494897	1.00083	-19.4771	0.647678	-0.135435	-21.4977	3.64578	-21.8499	1000.3	2.96156	2.91229	0.951216
0.00275	8.70836	0.245212	0.494946	1.00053	-19.45	0.648851	-0.141136	-21.4775	3.64434	-21.8295	1000.32	2.96133	2.91181	0.950977
0.0028	8.70782	0.245564	0.495005	1.00014	-19.4379	0.650801	-0.149237	-21.4687	3.64373	-21.8206	1000.34	2.96121	2.91157	0.950858
0.00285	8.70765	0.245648	0.495082	0.999653	-19.4359	0.653475	-0.160056	-21.4676	3.6437	-21.8195	1000.37	2.96118	2.9115	0.950823
0.0029	8.70777	0.245582	0.495183	0.999016	-19.4415	0.656876	-0.174291	-21.4722	3.64415	-21.8241	1000.4	2.9612	2.91156	0.950849
0.00295	8.70817	0.245375	0.495308	0.998183	-19.4545	0.661017	-0.192884	-21.4824	3.64506	-21.8345	1000.43	2.96129	2.91173	0.950935
0.003	8.70879	0.245013	0.495456	0.99711	-19.4738	0.665833	-0.216957	-21.4975	3.6464	-21.8498	1000.48	2.96143	2.91201	0.95107
0.00305	8.70955	0.24454	0.49564	0.995734	-19.4975	0.671062	-0.247784	-21.5159	3.64807	-21.8685	1000.52	2.96161	2.91234	0.951236
0.0031	8.71035	0.243994	0.49581	0.993983	-19.5236	0.676241	-0.286832	-21.5361	3.64996	-21.8892	1000.58	2.96179	2.9127	0.951411
0.00315	8.71107	0.243431	0.495891	0.991768	-19.5499	0.681119	-0.33586	-21.5567	3.65191	-21.9106	1000.67	2.96196	2.91302	0.951568
0.0032	8.71162	0.242916	0.495887	0.988987	-19.5744	0.685528	-0.396842	-21.5759	3.65384	-21.9311	1000.79	2.96211	2.91328	0.951689
0.00325	8.71197	0.242477	0.495819	0.985526	-19.5964	0.688922	-0.471833	-21.593	3.65571	-21.95	1000.92	2.96221	2.91346	0.951765
0.0033	8.71207	0.242117	0.495652	0.981272	-19.6155	0.690239	-0.562908	-21.6074	3.65744	-21.9671	1001.08	2.96229	2.91355	0.951787
0.00335	8.71186	0.241843	0.495296	0.976101	-19.6317	0.688154	-0.672159	-21.6187	3.65892	-21.9825	1001.27	2.96232	2.91352	0.95174
0.0034	8.71127	0.241673	0.494655	0.96989	-19.6449	0.681278	-0.801633	-21.6267	3.65996	-21.9964	1001.5	2.9623	2.91336	0.951612
0.00345	8.71023	0.241621	0.493641	0.962516	-19.6557	0.668043	-0.953195	-21.6309	3.66032	-22.009	1001.78	2.96224	2.91307	0.951386
0.0035	8.70867	0.241667	0.492157	0.953869	-19.6645	0.646644	-1.12838	-21.6311	3.65963	-22.0206	1002.12	2.96215	2.91262	0.951043
0.00355	8.70639	0.241813	0.490082	0.943859	-19.6703	0.615051	-1.32825	-21.6253	3.6573	-22.0304	1002.51	2.962	2.91197	0.950547
0.0036	8.70321	0.242119	0.487283	0.93241	-19.6717	0.571227	-1.55334	-21.6113	3.65257	-22.037	1002.98	2.9618	2.91106	0.949853
0.00365	8.69895	0.242626	0.483613	0.919473	-19.6687	0.513788	-1.80372	-21.5874	3.64457	-22.0398	1003.52	2.96154	2.90988	0.948921
0.0037	8.69339	0.243355	0.478942	0.905028	-19.661	0.435521	-2.07758	-21.5521	3.63193	-22.0381	1004.14	2.96123	2.90838	0.947711
0.00375	8.68636	0.244336	0.473332	0.889057	-19.6488	0.342027	-2.37481	-21.5031	3.61384	-22.0307	1004.83	2.96089	2.90653	0.946177
0.0038	8.67765	0.245613	0.466694	0.871616	-19.6315	0.237679	-2.69408	-21.4379	3.5895	-22.0159	1005.57	2.96053	2.90434	0.944282
0.00385	8.66713	0.247223	0.458992	0.852791	-19.6086	0.115352	-3.03098	-21.3541	3.55728	-21.9917	1006.33	2.96018	2.90178	0.941992
0.0039	8.65464	0.249196	0.450237	0.832699	-19.58	-0.0236544	-3.38209	-21.2494	3.51612	-21.9562	1007.08	2.95987	2.89888	0.939281
0.00395	8.64013	0.25156	0.440405	0.811489	-19.5454	-0.178374	-3.74347	-21.1218	3.46508	-21.9074	1007.78	2.95964	2.89566	0.936133
0.004	8.62355	0.254343	0.429485	0.789327	-19.5046	-0.34724	-4.11105	-20.9698	3.40346	-21.8432	1008.39	2.95952	2.89216	0.932544
0.00405	8.60498	0.25757	0.417532	0.766383	-19.4577	-0.52812	-4.4808	-20.792	3.33093	-21.7616	1008.84	2.95958	2.88847	0.928532
0.0041	8.58457	0.261251	0.40465	0.742818	-19.4048	-0.718496	-4.84883	-20.5879	3.24762	-21.6611	1009.07	2.95986	2.88466	0.924131
0.00415	8.56257	0.265385	0.390953	0.718786	-19.3461	-0.915565	-5.21156	-20.3577	3.15411	-21.5404	1009	2.96042	2.88086	0.919402
0.0042	8.53936	0.269961	0.376574	0.694399	-19.2825	-1.11648	-5.56558	-20.1025	3.05148	-21.3995	1008.55	2.96131	2.8772	0.914423
0.00425	8.51541	0.274967	0.361663	0.66976	-19.2146	-1.31864	-5.90743	-19.8247	2.94134	-21.2384	1007.63	2.96258	2.87383	0.909302
0.0043	8.49136	0.280382	0.346346	0.64512	-19.1422	-1.51948	-6.23417	-19.5261	2.82584	-21.0571	1006.12	2.96427	2.87092	0.904173
0.00435	8.46795	0.286142	0.330674	0.620689	-19.0664	-1.71597	-6.5444	-19.2106	2.7077	-20.8574	1003.9	2.96643	2.86867	0.899195
0.0044	8.44604	0.292183	0.314852	0.596532	-18.9887	-1.90482	-6.8372	-18.8826	2.5901	-20.6422	1000.87	2.96906	2.86724	0.894548
0.00445	8.42655	0.298431	0.299158	0.572731	-18.9101	-2.08374	-7.1115	-18.5471	2.47647	-20.4146	996.887	2.97217	2.86682	0.890425
0.0045	8.41048	0.304808	0.283725	0.549385	-18.8319	-2.25118	-7.36597	-18.2107	2.37041	-20.1787	991.855	2.97572	2.86757	0.88703
0.00455	8.39885	0.311234	0.268669	0.526633	-18.755	-2.40589	-7.59911	-17.8797	2.27565	-19.9385	985.664	2.97966	2.86962	0.884578
0.0046	8.39271	0.317629	0.254144	0.504686	-18.6803	-2.54682	-7.80952	-17.5605	2.196	-19.6978	978.199	2.98394	2.87311	0.883287
0.00465	8.39311	0.323901	0.24035	0.483862	-18.6091	-2.67324	-7.99628	-17.2589	2.13504	-19.4602	969.334	2.9885	2.87817	0.883371
0.0047	8.40093	0.32986	0.227543	0.46458	-18.5439	-2.78481	-8.15923	-16.9801	2.09576	-19.2292	958.946	2.99331	2.88496	0.885017
0.00475	8.41667	0.33529	0.21601	0.447326	-18.4853	-2.88143	-8.29856	-16.7254	2.08015	-19.0052	946.915	2.99835	2.89354	0.888338
0.0048	8.44047	0.340018	0.206039	0.432587	-18.4335	-2.96341	-8.41552	-16.4927	2.08888	-18.7865	933.116	3.00364	2.90397	0.893367
0.00485	8.47196	0.343877	0.197861	0.420749	-18.3889	-3.03159	-8.51256	-16.2768	2.1211	-18.5694	917.432	3.00922	2.91625	0.900046
0.0049	8.51032	0.346765	0.191577	0.411968	-18.3517	-3.08723	-8.59316	-16.07	2.17446	-18.3486	899.773	3.01515	2.93028	0.908214
0.00495	8.55433	0.348689	0.187113	0.406043	-18.3213	-3.13197	-8.66119	-15.8631	2.24544	-18.1182	880.085	3.02149	2.9459	0.917632
0.005	8.6026	0.349792	0.1842	0.402333	-18.2974	-3.16769	-8.71955	-15.6488	2.33009	-17.8738	858.384	3.02823	2.96284	0.928018
0.00505	8.65385	0.350333	0.182411	0.39981	-18.2812	-3.19646	-8.76842	-15.4246	2.42495	-17.6139	834.786	3.03533	2.98083	0.939108
0.0051	8.70708	0.350549	0.181215	0.39795	-18.2719	-3.21986	-8.80501	-15.1894	2.52766	-17.3377	809.39	3.04271	2.99958	0.950697
0.00515	8.76152	0.350512	0.180351	0.397051	-18.266	-3.23759	-8.82859	-14.9388	2.63652	-17.0414	782.131	3.05031	3.01887	0.962622
0.0052	8.81635	0.350196	0.179973	0.397284	-18.2617	-3.24892	-8.84188	-14.6682	2.74932	-16.7232	752.888	3.05808	3.0385	0.974707
0.00525	8.87064	0.349607	0.180193	0.39851	-18.2585	-3.25457	-8.84884	-14.3755	2.8632	-16.3832	721.585	3.06598	3.05822	0.98675
0.0053	8.9235	0.348825	0.180893	0.400384	-18.256	-3.25627	-8.85333	-14.0611	2.97517	-16.0241	688.213	3.0739	3.07774	0.998546
0.00535	8.97422	0.348013	0.181562	0.402134	-18.257	-3.25537	-8.85709	-13.7315	3.08309	-15.6533	652.948	3.08175	3.0968	1.00993
0.0054	9.02238	0.347317	0.181798	0.40324	-18.2612	-3.25097	-8.8584	-13.3942	3.18648	-15.2778	615.993	3.0894	3.11516	1.0208
0.00545	9.06785	0.346789	0.181613	0.403688	-18.2663	-3.24189	-8.85498	-13.0536	3.28542	-14.9014	577.443	3.09675	3.13267	1.03111
0.0055	9.11054	0.346442	0.181061	0.403471	-18.2719	-3.22763	-8.84484	-12.7154	3.37999	-14.5291	537.412	3.10374	3.14926	1.04084
0.00555	9.15043	0.346259	0.180291	0.402636	-18.278	-3.20868	-8.82636	-12.3849	3.47011	-14.1654	496.031	3.11032	3.16486	1.04998
0.0056	9.18751	0.346213	0.179349	0.401322	-18.285	-3.18634	-8.79883	-12.0665	3.55548	-13.8144	453.448	3.11648	3.17943	1.0585
0.00565	9.22175	0.346287	0.177976	0.399715	-18.2929	-3.16039	-8.76329	-11.7636	3.63595	-13.4796	409.833	3.12218	3.19293	1.06641
0.0057	9.2532	0.346493	0.175911	0.397682	-18.3022	-3.1279	-8.72145	-11.4794	3.71189	-13.1652	365.471	3.12742	3.20535	1.07369
0.00575	9.28198	0.346877	0.173063	0.394703	-18.3139	-3.0856	-8.6718	-11.219	3.78429	-12.8759	320.925	3.13217	3.21669	1.08038
0.0058	9.30837	0.347494	0.169395	0.390474	-18.3278	-3.03124	-8.60939	-10.986	3.85444	-12.6139	276.854	3.13643	3.227	1.08654
0.00585	9.33271	0.348355	0.164896	0.385024	-18.3437	-2.96328	-8.52953	-10.7823	3.92357	-12.3795	233.839	3.14021	3.23636	1.09223
0.0059	9.35531	0.349435	0.159576	0.378426	-18.3622	-2.8806	-8.42909	-10.6084	3.99253	-12.1725	192.47	3.14355	3.24487	1.09752
0.00595	9.3764	0.350701	0.153445	0.370708	-18.3835	-2.78237	-8.30612	-10.464	4.06182	-11.9918	153.37	3.14648	3.25262	1.10248
0.006	9.39614	0.35213	0.146507	0.361848	-18.4077	-2.66805	-8.15927	-10.348	4.13168	-11.8362	117.187	3.14904	3.25968	1.10712
0.00605	9.4147	0.353703	0.138764	0.351808	-18.4346	-2.53741	-7.98737	-10.259	4.20215	-11.7042	84.5403	3.15125	3.26612	1.1115
0.0061	9.43218	0.355399	0.130234	0.340554	-18.464	-2.39048	-7.78941	-10.1952	4.27315	-11.5936	55.9569	3.15316	3.272	1.11563
0.00615	9.4487	0.357196	0.120953	0.328079	-18.4956	-2.22764	-7.56458	-10.1544	4.3444	-11.5026	31.7998	3.15479	3.27738	1.11954
0.0062	9.46431	0.359067	0.11099	0.31441	-18.5293	-2.04975	-7.31244	-10.1343	4.41547	-11.4287	12.2218	3.15619	3.28231	1.12325
0.00625	9.47906	0.360963	0.100444	0.299607	-18.5647	-1.85821	-7.03303	-10.1326	4.48573	-11.3699	-2.82619	3.15737	3.28683	1.12675
0.0063	9.49292	0.362828	0.0894348	0.28376	-18.6008	-1.65502	-6.72691	-10.1461	4.55432	-11.3237	-13.5946	3.15837	3.29095	1.13005
0.00635	9.50583	0.364616	0.0782435	0.266979	-18.636	-1.44331	-6.3952	-10.1718	4.62022	-11.2874	-20.5323	3.1592	3.29469	1.13312
0.0064	9.51772	0.366282	0.0672432	0.249394	-18.6693	-1.22851	-6.03937	-10.2069	4.68219	-11.259	-24.1244	3.15987	3.29805	1.13596
0.00645	9.52852	0.367796	0.056644	0.231142	-18.7001	-1.01674	-5.66151	-10.2494	4.7391	-11.2372	-24.8411	3.16041	3.30103	1.13854
0.0065	9.53817	0.369141	0.0465919	0.212368	-18.7281	-0.813307	-5.26458	-10.297	4.79011	-11.221	-23.1967	3.16082	3.30362	1.14085
0.00655	9.54666	0.370299	0.0372557	0.193402	-18.7525	-0.622725	-4.85288	-10.3471	4.83469	-11.209	-19.8487	3.16112	3.30585	1.14288
0.0066	9.55398	0.371258	0.0287725	0.174666	-18.7726	-0.448554	-4.43326	-10.3966	4.87258	-11.1998	-15.4863	3.16133	3.30772	1.14463
0.00665	9.56014	0.372025	0.0212405	0.15639	-18.7887	-0.293461	-4.0132	-10.4438	4.90382	-11.1928	-10.5933	3.16146	3.30925	1.14611
0.0067	9.56521	0.372619	0.014729	0.138733	-18.8009	-0.159383	-3.59911	-10.4873	4.9288	-11.1878	-5.51535	3.16153	3.31048	1.14732
0.00675	9.56928	0.373057	0.00926509	0.121886	-18.8095	-0.0475057	-3.19666	-10.5262	4.94812	-11.1843	-0.536821	3.16155	3.31143	1.1483
0.0068	9.57247	0.373363	0.00482229	0.106024	-18.8149	0.0418519	-2.81095	-10.5599	4.96253	-11.1819	4.13049	3.16153	3.31215	1.14907
0.00685	9.57489	0.373556	0.00135603	0.0912849	-18.8174	0.109449	-2.44648	-10.5881	4.97286	-11.1801	8.34158	3.16148	3.31266	1.14965
0.0069	9.57668	0.373655	-0.00118462	0.0777638	-18.8173	0.156913	-2.10689	-10.6108	4.97993	-11.1786	12.0129	3.16142	3.31301	1.15008
0.00695	9.57794	0.373677	-0.00291457	0.0655256	-18.8148	0.186276	-1.79477	-10.6283	4.98449	-11.1769	15.1089	3.16134	3.31323	1.15038
0.007	9.57878	0.373656	-0.00401614	0.0546045	-18.8103	0.199795	-1.51176	-10.641	4.98722	-11.1749	17.6191	3.16126	3.31335	1.15058
0.00705	9.57933	0.373602	-0.00463603	0.0449931	-18.8049	0.198145	-1.25832	-10.6497	4.98866	-11.1728	19.5902	3.16118	3.3134	1.15071
0.0071	9.57964	0.373506	-0.00493092	0.0366589	-18.7989	0.198005	-1.0371	-10.6553	4.98947	-11.1704	21.0964	3.1611	3.31339	1.15079
0.00715	9.57976	0.373375	-0.00511857	0.0295586	-18.7915	0.19469	-0.846067	-10.658	4.98972	-11.1674	22.2093	3.16102	3.31335	1.15082
0.0072	9.57973	0.373215	-0.00510678	0.0235653	-18.7826	0.177887	-0.681353	-10.658	4.98947	-11.1636	23.0104	3.16095	3.31326	1.15081
0.00725	9.57959	0.373025	-0.0048773	0.0185774	-18.7722	0.160559	-0.542894	-10.6559	4.98901	-11.1589	23.5637	3.16086	3.31314	1.15078
0.0073	9.57934	0.372801	-0.00435406	0.0144817	-18.76	0.141838	-0.427753	-10.652	4.9884	-11.1533	23.9401	3.16077	3.31299	1.15072
0.00735	9.579	0.372536	-0.0036781	0.0111578	-18.7457	0.121569	-0.333007	-10.6463	4.98765	-11.1465	24.1918	3.16067	3.31281	1.15063
0.0074	9.57855	0.372216	-0.00303335	0.00849175	-18.7285	0.10112	-0.256021	-10.6388	4.98677	-11.1383	24.3571	3.16055	3.31258	1.15053
0.00745	9.57798	0.371821	-0.00246411	0.00638121	-18.7074	0.0820419	-0.194342	-10.6291	4.98572	-11.1282	24.4688	3.1604	3.3123	1.15039
0.0075	9.57725	0.371323	-0.00195791	0.00473285	-18.681	0.0650624	-0.145601	-10.6167	4.98443	-11.1154	24.5559	3.16022	3.31194	1.15021
0.00755	9.57629	0.370678	-0.00151702	0.00346244	-18.647	0.0503768	-0.107592	-10.6006	4.98279	-11.099	24.6442	3.15999	3.31147	1.14998
0.0076	9.57502	0.369821	-0.0011419	0.00249601	-18.6022	0.0379265	-0.0783323	-10.5793	4.98064	-11.0774	24.7586	3.15968	3.31086	1.14968
0.00765	9.57329	0.368659	-0.000826475	0.00176966	-18.5417	0.0274873	-0.0560806	-10.5505	4.97775	-11.0483	24.9262	3.15926	3.31002	1.14926
0.0077	9.5709	0.367055	-0.000561557	0.00122966	-18.4585	0.0186556	-0.0393219	-10.5111	4.97376	-11.0085	25.1799	3.15869	3.30887	1.14869
0.00775	9.56755	0.364807	-0.000344589	0.000833305	-18.3426	0.0105976	-0.0267085	-10.4561	4.96818	-10.953	25.5615	3.15789	3.30725	1.14789
0.0078	9.56281	0.361628	-0.000188645	0.000549936	-18.1795	0.00520678	-0.0176581	-10.3788	4.96031	-10.8748	26.1249	3.15675	3.30497	1.14675
0.00785	9.55609	0.357112	-0.000110804	0.000357582	-17.9488	0.00339574	-0.0116413	-10.2693	4.94914	-10.7642	26.9366	3.15514	3.30172	1.14514
0.0079	9.54653	0.350702	-7.50228e-05	0.000229772	-17.623	0.0025835	-0.00759444	-10.1142	4.93329	-10.6075	28.0721	3.15285	3.29712	1.14285
0.00795	9.53301	0.341659	-5.2262e-05	0.000145038	-17.1658	0.0018507	-0.00484715	-9.89557	4.91091	-10.3867	29.5979	3.14961	3.29062	1.13961
0.008	9.51411	0.329059	-3.50867e-05	8.94809e-05	-16.5333	0.00124038	-0.00301638	-9.59085	4.8797	-10.0788	31.533	3.1451	3.28155	1.1351
0.00805	9.48814	0.311847	-2.25882e-05	5.38007e-05	-15.6768	0.000798662	-0.00182715	-9.17395	4.83699	-9.65764	33.787	3.13891	3.26911	1.12891
0.0081	9.45338	0.28902	-1.4023e-05	3.145e-05	-14.5516	0.000497356	-0.00107431	-8.61856	4.78008	-9.09656	36.0518	3.13065	3.25251	1.12065
0.00815	9.40853	0.25993	-8.41104e-06	1.78328e-05	-13.1356	0.00029905	-0.000611309	-7.90664	4.70714	-8.37736	37.7133	3.12004	3.23119	1.11004
0.0082	9.35338	0.224661	-4.87057e-06	9.79049e-06	-11.4489	0.000173161	-0.000335914	-7.03949	4.61821	-7.50131	37.9585	3.10707	3.20511	1.09707
0.00825	9.28995	0.185686	-2.7218e-06	5.20247e-06	-9.57828	9.65093e-05	-0.00017824	-6.05064	4.51698	-6.50233	35.3534	3.09224	3.17531	1.08224
0.0083	9.22381	0.147552	-1.47066e-06	2.68141e-06	-7.7034	5.19419e-05	-9.16531e-05	-5.02965	4.41262	-5.47091	29.3488	3.07689	3.14444	1.06689
0.00835	9.16118	0.113364	-7.71746e-07	1.34677e-06	-6.00473	2.71509e-05	-4.59425e-05	-4.08082	4.31495	-4.51231	21.7593	3.06245	3.11542	1.05245
0.0084	9.10591	0.0843765	-3.95445e-07	6.6282e-07	-4.57283	1.38648e-05	-2.25813e-05	-3.26533	4.2297	-3.6883	14.6723	3.04979	3.08997	1.03979
0.00845	9.05993	0.0611124	-1.98893e-07	3.21326e-07	-3.43109	6.95483e-06	-1.09411e-05	-2.60554	4.15946	-3.02149	9.10248	3.03931	3.06891	1.02931
0.0085	9.02354	0.0432697	-9.86401e-08	1.54123e-07	-2.56032	3.44262e-06	-5.24848e-06	-2.09703	4.10432	-2.50746	5.25555	3.03106	3.05233	1.02106
0.00855	8.9959	0.0300701	-4.84106e-08	7.33881e-08	-1.91887	1.68747e-06	-2.50071e-06	-1.71972	4.0627	-2.12599	2.85648	3.02481	3.03977	1.01481
0.0086	8.9756	0.0205775	-2.35712e-08	3.47704e-08	-1.45885	8.21071e-07	-1.18598e-06	-1.44784	4.03227	-1.85106	1.47683	3.02024	3.03058	1.01024
0.00865	8.96107	0.0138996	-1.14048e-08	1.64141e-08	-1.13572	3.97188e-07	-5.60576e-07	-1.25628	4.01058	-1.65734	0.732723	3.01697	3.02401	1.00697
0.0087	8.9509	0.00928321	-5.48863e-09	7.72572e-09	-0.912421	1.91191e-07	-2.64248e-07	-1.12366	3.99543	-1.5232	0.351318	3.01469	3.01942	1.00469
0.00875	8.9439	0.00613693	-2.62842e-09	3.62624e-09	-0.76016	9.16141e-08	-1.24247e-07	-1.03313	3.98501	-1.43163	0.163649	3.01312	3.01626	1.00312
0.0088	8.93915	0.00401832	-1.25261e-09	1.6971e-09	-0.65751	4.37028e-08	-5.82637e-08	-0.972051	3.97795	-1.36985	0.0743463	3.01205	3.01412	1.00205
0.00885	8.93596	0.00260688	-5.9396e-10	7.91662e-10	-0.589008	2.07508e-08	-2.72395e-08	-0.931277	3.97322	-1.3286	0.0330308	3.01134	3.01268	1.00134
0.0089	8.93385	0.00167582	-2.80152e-10	3.67913e-10	-0.543725	9.804e-09	-1.26906e-08	-0.904319	3.97009	-1.30133	0.0143783	3.01086	3.01173	1.00086
0.00895	8.93246	0.00106745	-1.3139e-10	1.7025e-10	-0.514064	4.60728e-09	-5.88862e-09	-0.886659	3.96803	-1.28346	0.00614018	3.01055	3.01111	1.00055
0.009	8.93156	0.000673634	-6.12471e-11	7.84011e-11	-0.494812	2.15263e-09	-2.71982e-09	-0.875196	3.96669	-1.27186	0.00257485	3.01035	3.0107	1.00035
0.00905	8.93098	0.000421092	-2.83644e-11	3.59089e-11	-0.482431	9.99499e-10	-1.24972e-09	-0.867823	3.96583	-1.26441	0.00106117	3.01022	3.01044	1.00022
0.0091	8.93061	0.000260683	-1.3045e-11	1.6349e-11	-0.474543	4.60985e-10	-5.70932e-10	-0.863126	3.96528	-1.25965	0.000430247	3.01014	3.01027	1.00014
0.00915	8.93037	0.000159783	-5.95553e-12	7.39536e-12	-0.469565	2.11104e-10	-2.59192e-10	-0.860162	3.96494	-1.25666	0.000171877	3.01008	3.01017	1.00008
0.0092	8.93023	9.69457e-05	-2.69795e-12	3.32199e-12	-0.466455	9.59475e-11	-1.1687e-10	-0.85831	3.96472	-1.25478	6.78222e-05	3.01005	3.0101	1.00005
0.00925	8.93014	5.82117e-05	-1.21235e-12	1.4812e-12	-0.464531	4.32644e-11	-5.23153e-11	-0.857164	3.96459	-1.25362	2.6545e-05	3.01003	3.01006	1.00003
0.0093	8.93008	3.45844e-05	-5.402e-13	6.55269e-13	-0.463354	1.93478e-11	-2.32385e-11	-0.856463	3.96451	-1.25291	1.03735e-05	3.01002	3.01004	1.00002
0.00935	8.93005	2.03258e-05	-2.38606e-13	2.87511e-13	-0.46264	8.57817e-12	-1.02392e-11	-0.856039	3.96446	-1.25248	4.08807e-06	3.01001	3.01002	1.00001
0.0094	8.93003	1.18149e-05	-1.04443e-13	1.25074e-13	-0.462213	3.76952e-12	-4.47355e-12	-0.855784	3.96443	-1.25223	1.6467e-06	3.01001	3.01001	1.00001
0.00945	8.93002	6.79113e-06	-4.52936e-14	5.39288e-14	-0.46196	1.64128e-12	-1.93738e-12	-0.855634	3.96441	-1.25207	6.8859e-07	3.01	3.01001	1
0.0095	8.93001	3.85936e-06	-1.94556e-14	2.30402e-14	-0.461812	7.07905e-13	-8.31433e-13	-0.855545	3.9644	-1.25199	3.03004e-07	3.01	3.01	1
0.00955	8.93001	2.16808e-06	-8.27572e-15	9.75103e-15	-0.461726	3.02382e-13	-3.53481e-13	-0.855494	3.96439	-1.25193	1.41189e-07	3.01	3.01	1
0.0096	8.93	1.20381e-06	-3.4852e-15	4.08702e-15	-0.461677	1.27888e-13	-1.48841e-13	-0.855465	3.96439	-1.2519	6.94002e-08	3.01	3.01	1
0.00965	8.93	6.60544e-07	-1.45288e-15	1.69613e-15	-0.461649	5.35441e-14	-6.20578e-14	-0.855448	3.96439	-1.25189	3.5558e-08	3.01	3.01	1
0.0097	8.93	3.58122e-07	-5.99414e-16	6.96838e-16	-0.461634	2.21883e-14	-2.56154e-14	-0.855439	3.96439	-1.25188	1.87146e-08	3.01	3.01	1
0.00975	8.93	1.91747e-07	-2.44623e-16	2.83325e-16	-0.461625	9.09973e-15	-1.04664e-14	-0.855434	3.96438	-1.25187	9.9884e-09	3.01	3.01	1
0.0098	8.93	1.01105e-07	-9.86185e-17	1.13772e-16	-0.46162	3.69412e-15	-4.23485e-15	-0.855431	3.96438	-1.25187	5.36523e-09	3.01	3.01	1
0.00985	8.93	5.18902e-08	-3.95243e-17	4.46503e-17	-0.461618	1.48738e-15	-1.70098e-15	-0.85543	3.96438	-1.25187	2.89478e-09	3.01	3.01	1
0.0099	8.93	2.54974e-08	-1.65782e-17	1.68544e-17	-0.461617	6.07425e-16	-6.91339e-16	-0.855429	3.96438	-1.25187	1.64258e-09	3.01	3.01	1
0.00995	8.93	1.43597e-08	-6.97072e-18	7.64678e-18	-0.461616	2.98247e-16	-3.32223e-16	-0.855429	3.96438	-1.25187	1.12646e-09	3.01	3.01	1
