 	density	u_1	u_2	u_3	sigma_11	sigma_12	sigma_13	sigma_22	sigma_23	sigma_33	I1	I2	I3	dI_1	dI_2	dI_3
0	10.4444	2	0	0.1	-24.9244	-0.75146	-1.49093	-32.8305	2.21533	-44.3547	-3.1608e-12	3.34353	3.71154	1.36794	

2e-05	10.4444	2	0	0.1	-24.9244	-0.75146	-1.49093	-32.8305	2.21533	-44.3547	-3.1608e-12	3.34353	3.71154	1.36794	

4e-05	10.4444	2	0	0.1	-24.9244	-0.75146	-1.49093	-32.8305	2.21533	-44.3547	-3.1608e-12	3.34353	3.71154	1.36794	

6e-05	10.4444	2	0	0.1	-24.9244	-0.75146	-1.49093	-32.8305	2.21533	-44.3547	-3.1608e-12	3.34353	3.71154	1.36794	

8e-05	10.4444	2	0	0.1	-24.9244	-0.75146	-1.49093	-32.8305	2.21533	-44.3547	-3.1608e-12	3.34353	3.71154	1.36794	

0.0001	10.4444	2	0	0.1	-24.9244	-0.75146	-1.49093	-32.8305	2.21533	-44.3547	-3.1608e-12	3.34353	3.71154	1.36794	

0.00012	10.4444	2	0	0.1	-24.9244	-0.75146	-1.49093	-32.8305	2.21533	-44.3547	-3.1608e-12	3.34353	3.71154	1.36794	

0.00014	10.4444	2	0	0.1	-24.9244	-0.75146	-1.49093	-32.8305	2.21533	-44.3547	-3.1608e-12	3.34353	3.71154	1.36794	

0.00016	10.4444	2	0	0.1	-24.9244	-0.75146	-1.49093	-32.8305	2.21533	-44.3547	-3.1608e-12	3.34353	3.71154	1.36794	

0.00018	10.4444	2	0	0.1	-24.9244	-0.75146	-1.49093	-32.8305	2.21533	-44.3547	-3.1608e-12	3.34353	3.71154	1.36794	

0.0002	10.4444	2	0	0.1	-24.9244	-0.75146	-1.49093	-32.8305	2.21533	-44.3547	-3.1608e-12	3.34353	3.71154	1.36794	

0.00022	10.4444	2	0	0.1	-24.9244	-0.75146	-1.49093	-32.8305	2.21533	-44.3547	-3.1608e-12	3.34353	3.71154	1.36794	

0.00024	10.4444	2	0	0.1	-24.9244	-0.75146	-1.49093	-32.8305	2.21533	-44.3547	-3.1608e-12	3.34353	3.71154	1.36794	

0.00026	10.4444	2	0	0.1	-24.9244	-0.75146	-1.49093	-32.8305	2.21533	-44.3547	-3.1608e-12	3.34353	3.71154	1.36794	

0.00028	10.4444	2	0	0.1	-24.9244	-0.75146	-1.49093	-32.8305	2.21533	-44.3547	-3.1608e-12	3.34353	3.71154	1.36794	

0.0003	10.4444	2	0	0.1	-24.9244	-0.75146	-1.49093	-32.8305	2.21533	-44.3547	-3.1608e-12	3.34353	3.71154	1.36794	

0.00032	10.4444	2	0	0.1	-24.9244	-0.75146	-1.49093	-32.8305	2.21533	-44.3547	-3.1608e-12	3.34353	3.71154	1.36794	

0.00034	10.4444	2	0	0.1	-24.9244	-0.75146	-1.49093	-32.8305	2.21533	-44.3547	-3.1608e-12	3.34353	3.71154	1.36794	

0.00036	10.4444	2	0	0.1	-24.9244	-0.75146	-1.49093	-32.8305	2.21533	-44.3547	-3.1608e-12	3.34353	3.71154	1.36794	

0.00038	10.4444	2	0	0.1	-24.9244	-0.75146	-1.49093	-32.8305	2.21533	-44.3547	-3.1608e-12	3.34353	3.71154	1.36794	

0.0004	10.4444	2	0	0.1	-24.9244	-0.75146	-1.49093	-32.8305	2.21533	-44.3547	-3.1608e-12	3.34353	3.71154	1.36794	

0.00042	10.4444	2	0	0.1	-24.9244	-0.75146	-1.49093	-32.8305	2.21533	-44.3547	-3.1608e-12	3.34353	3.71154	1.36794	

0.00044	10.4444	2	0	0.1	-24.9244	-0.75146	-1.49093	-32.8305	2.21533	-44.3547	-3.1608e-12	3.34353	3.71154	1.36794	

0.00046	10.4444	2	-2.85341e-19	0.1	-24.9244	-0.75146	-1.49093	-32.8305	2.21533	-44.3547	-3.1608e-12	3.34353	3.71154	1.36794	

0.00048	10.4444	2	-2.37784e-18	0.1	-24.9244	-0.75146	-1.49093	-32.8305	2.21533	-44.3547	-3.1608e-12	3.34353	3.71154	1.36794	

0.0005	10.4444	2	-1.03674e-17	0.1	-24.9244	-0.75146	-1.49093	-32.8305	2.21533	-44.3547	-4.28657e-12	3.34353	3.71154	1.36794	

0.00052	10.4444	2	-2.2542e-17	0.1	-24.9244	-0.75146	-1.49093	-32.8305	2.21533	-44.3547	-8.14016e-12	3.34353	3.71154	1.36794	

0.00054	10.4444	2	-5.06481e-17	0.1	-24.9244	-0.75146	-1.49093	-32.8305	2.21533	-44.3547	-9.9154e-12	3.34353	3.71154	1.36794	

0.00056	10.4444	2	-9.3164e-17	0.1	-24.9244	-0.75146	-1.49093	-32.8305	2.21533	-44.3547	-1.40288e-11	3.34353	3.71154	1.36794	

0.00058	10.4444	2	-1.66211e-16	0.1	-24.9244	-0.75146	-1.49093	-32.8305	2.21533	-44.3547	-2.28617e-11	3.34353	3.71154	1.36794	

0.0006	10.4444	2	-2.99656e-16	0.1	-24.9244	-0.75146	-1.49093	-32.8305	2.21533	-44.3547	-2.55029e-11	3.34353	3.71154	1.36794	

0.00062	10.4444	2	-5.70302e-16	0.1	-24.9244	-0.75146	-1.49093	-32.8305	2.21533	-44.3547	-5.30409e-11	3.34353	3.71154	1.36794	

0.00064	10.4444	2	-1.11507e-15	0.1	-24.9244	-0.75146	-1.49093	-32.8305	2.21533	-44.3547	-1.04047e-10	3.34353	3.71154	1.36794	

0.00066	10.4444	2	-2.18928e-15	0.1	-24.9244	-0.75146	-1.49093	-32.8305	2.21533	-44.3547	-1.88956e-10	3.34353	3.71154	1.36794	

0.00068	10.4444	2	-4.29172e-15	0.1	-24.9244	-0.75146	-1.49093	-32.8305	2.21533	-44.3547	-3.7107e-10	3.34353	3.71154	1.36794	

0.0007	10.4444	2	-8.45281e-15	0.1	-24.9244	-0.75146	-1.49093	-32.8305	2.21533	-44.3547	-7.13649e-10	3.34353	3.71154	1.36794	

0.00072	10.4444	2	-1.66504e-14	0.1	-24.9244	-0.75146	-1.49093	-32.8305	2.21533	-44.3547	-1.40374e-09	3.34353	3.71154	1.36794	

0.00074	10.4444	2	-3.27792e-14	0.1	-24.9244	-0.75146	-1.49093	-32.8305	2.21533	-44.3547	-2.76878e-09	3.34353	3.71154	1.36794	

0.00076	10.4444	2	-6.45239e-14	0.1	-24.9244	-0.75146	-1.49093	-32.8305	2.21533	-44.3547	-5.45092e-09	3.34353	3.71154	1.36794	

0.00078	10.4444	2	-1.27016e-13	0.1	-24.9244	-0.75146	-1.49093	-32.8305	2.21533	-44.3547	-1.07102e-08	3.34353	3.71154	1.36794	

0.0008	10.4444	2	-2.50039e-13	0.1	-24.9244	-0.75146	-1.49093	-32.8305	2.21533	-44.3547	-2.10746e-08	3.34353	3.71154	1.36794	

0.00082	10.4444	2	-4.92181e-13	0.1	-24.9244	-0.75146	-1.49093	-32.8305	2.21533	-44.3547	-4.14832e-08	3.34353	3.71154	1.36794	

0.00084	10.4444	2	-9.68806e-13	0.1	-24.9244	-0.75146	-1.49093	-32.8305	2.21533	-44.3547	-8.16483e-08	3.34353	3.71154	1.36794	

0.00086	10.4444	2	-1.90702e-12	0.1	-24.9244	-0.75146	-1.49093	-32.8305	2.21533	-44.3547	-1.60705e-07	3.34353	3.71154	1.36794	

0.00088	10.4444	2	-3.7538e-12	0.1	-24.9244	-0.75146	-1.49093	-32.8305	2.21533	-44.3547	-3.16325e-07	3.34353	3.71154	1.36794	

0.0009	10.4444	2	-7.38895e-12	0.1	-24.9244	-0.75146	-1.49093	-32.8305	2.21533	-44.3547	-6.22628e-07	3.34353	3.71154	1.36794	

0.00092	10.4444	2	-1.45442e-11	0.1	-24.9244	-0.75146	-1.49093	-32.8305	2.21533	-44.3547	-1.22556e-06	3.34353	3.71154	1.36794	

0.00094	10.4444	2	-2.86282e-11	0.1	-24.9244	-0.75146	-1.49093	-32.8305	2.21533	-44.3547	-2.41233e-06	3.34353	3.71154	1.36794	

0.00096	10.4444	2	-5.63504e-11	0.1	-24.9244	-0.75146	-1.49093	-32.8305	2.21533	-44.3547	-4.7483e-06	3.34353	3.71154	1.36794	

0.00098	10.4444	2	-1.10917e-10	0.1	-24.9244	-0.75146	-1.49093	-32.8305	2.21533	-44.3547	-9.34626e-06	3.34353	3.71154	1.36794	

0.001	10.4444	2	-2.18323e-10	0.1	-24.9244	-0.75146	-1.49093	-32.8305	2.21533	-44.3547	-1.83967e-05	3.34353	3.71154	1.36794	

0.00102	10.4444	2	-4.29735e-10	0.1	-24.9244	-0.75146	-1.49093	-32.8305	2.21533	-44.3547	-3.6211e-05	3.34353	3.71154	1.36794	

0.00104	10.4444	2	-8.45869e-10	0.1	-24.9244	-0.75146	-1.49093	-32.8305	2.21533	-44.3547	-7.12761e-05	3.34353	3.71154	1.36794	

0.00106	10.4444	2	-1.66497e-09	0.1	-24.9244	-0.75146	-1.49093	-32.8305	2.21533	-44.3547	-0.000140297	3.34353	3.71154	1.36794	

0.00108	10.4444	2	-3.27727e-09	0.1	-24.9244	-0.75146	-1.49093	-32.8305	2.21533	-44.3547	-0.000276156	3.34353	3.71154	1.36794	

0.0011	10.4444	2	-6.45087e-09	0.1	-24.9244	-0.75146	-1.49093	-32.8305	2.21533	-44.3547	-0.000543579	3.34353	3.71154	1.36794	

0.00112	10.4444	2	-1.26977e-08	0.1	-24.9244	-0.75146	-1.49093	-32.8305	2.21533	-44.3547	-0.00106997	3.34353	3.71154	1.36794	

0.00114	10.4444	2	-2.49941e-08	0.0999999	-24.9244	-0.751461	-1.49093	-32.8305	2.21533	-44.3547	-0.00210612	3.34353	3.71154	1.36794	

0.00116	10.4445	2	-4.91983e-08	0.0999999	-24.9245	-0.751463	-1.49094	-32.8306	2.21533	-44.3548	-0.00414568	3.34353	3.71154	1.36794	

0.00118	10.4445	2	-9.68422e-08	0.0999997	-24.9246	-0.751467	-1.49094	-32.8306	2.21534	-44.3549	-0.00816038	3.34353	3.71154	1.36795	

0.0012	10.4445	1.99999	-1.90626e-07	0.0999994	-24.9249	-0.751473	-1.49096	-32.8308	2.21534	-44.3551	-0.0160629	3.34353	3.71155	1.36795	

0.00122	10.4445	1.99998	-3.75233e-07	0.0999989	-24.9255	-0.751487	-1.49099	-32.8311	2.21536	-44.3555	-0.0316183	3.34354	3.71156	1.36795	

0.00124	10.4445	1.99996	-7.38621e-07	0.0999979	-24.9265	-0.751513	-1.49106	-32.8317	2.21539	-44.3563	-0.0622372	3.34355	3.71158	1.36797	

0.00126	10.4446	1.99993	-1.45392e-06	0.0999958	-24.9287	-0.751566	-1.49118	-32.833	2.21546	-44.3579	-0.122505	3.34356	3.71162	1.36799	

0.00128	10.4448	1.99986	-2.8619e-06	0.0999917	-24.9328	-0.751668	-1.49143	-32.8354	2.21558	-44.361	-0.241126	3.3436	3.71169	1.36803	

0.0013	10.4451	1.99972	-5.63316e-06	0.0999837	-24.941	-0.75187	-1.49192	-32.8402	2.21583	-44.367	-0.474568	3.34366	3.71185	1.36812	

0.00132	10.4458	1.99945	-1.10869e-05	0.099968	-24.9571	-0.752268	-1.49289	-32.8495	2.21631	-44.379	-0.933867	3.34379	3.71215	1.3683	

0.00134	10.4471	1.99891	-2.18166e-05	0.0999371	-24.9888	-0.753051	-1.49478	-32.868	2.21726	-44.4025	-1.83708	3.34404	3.71274	1.36865	

0.00136	10.4497	1.99786	-4.29132e-05	0.0998766	-25.0512	-0.75459	-1.49849	-32.9042	2.21913	-44.4487	-3.61133	3.34454	3.7139	1.36932	

0.00138	10.4548	1.9958	-8.4342e-05	0.0997582	-25.1741	-0.757614	-1.50576	-32.9756	2.2228	-44.5395	-7.08851	3.34552	3.71619	1.37066	

0.0014	10.4647	1.99174	-0.000165498	0.0995282	-25.4159	-0.763541	-1.51991	-33.1158	2.22998	-44.7179	-13.8678	3.34742	3.72065	1.37326	

0.00142	10.4839	1.98381	-0.000323692	0.0990849	-25.8918	-0.775113	-1.54734	-33.391	2.24391	-45.0671	-26.9277	3.35111	3.72929	1.3783	

0.00144	10.5205	1.96839	-0.000629103	0.0982434	-26.8271	-0.79752	-1.5999	-33.9295	2.27059	-45.7473	-51.463	3.35817	3.7458	1.38793	

0.00146	10.5881	1.93887	-0.00120793	0.0966879	-28.6586	-0.840251	-1.69891	-34.9747	2.32039	-47.0572	-95.1364	3.37127	3.77647	1.40582	

0.00148	10.7064	1.88401	-0.00226553	0.0939444	-32.2051	-0.919396	-1.87967	-36.971	2.40906	-49.5252	-162.105	3.3944	3.83063	1.43742	

0.0015	10.8951	1.78825	-0.0040707	0.0894776	-38.8216	-1.05806	-2.19154	-40.613	2.55432	-53.9415	-227.253	3.43182	3.91825	1.48853	

0.00152	11.1553	1.63938	-0.00681778	0.0830838	-50.0833	-1.27733	-2.67658	-46.6129	2.76219	-61.053	-205.649	3.4845	4.0416	1.56049	

0.00154	11.444	1.44357	-0.0104265	0.0753994	-66.0494	-1.56393	-3.30022	-54.878	3.00264	-70.6095	-55.9853	3.5444	4.18183	1.6423	

0.00156	11.6781	1.25842	-0.0138097	0.0686493	-81.8286	-1.83364	-3.88153	-62.7027	3.20487	-79.5255	71.0752	3.5941	4.2982	1.71018	

0.00158	11.8259	1.13504	-0.0160046	0.0643519	-92.9794	-2.02368	-4.28975	-67.9227	3.3357	-85.4544	130.294	3.626	4.37289	1.75375	

0.0016	11.9062	1.06733	-0.0172274	0.0619593	-99.4047	-2.13366	-4.52589	-70.8029	3.40772	-88.7259	155.137	3.6435	4.41385	1.77765	

0.00162	11.9471	1.03303	-0.0178469	0.0607462	-102.778	-2.19155	-4.65011	-72.2778	3.44466	-90.4018	165.948	3.65245	4.43482	1.78988	

0.00164	11.9671	1.01635	-0.0181483	0.0601555	-104.456	-2.22036	-4.71192	-73.0047	3.46279	-91.2274	171.008	3.65684	4.44511	1.79588	

0.00166	11.9766	1.00835	-0.0182932	0.0598718	-105.258	-2.23411	-4.74144	-73.3506	3.47138	-91.6201	173.373	3.65893	4.44998	1.79872	

0.00168	11.9811	1.00456	-0.0183617	0.0597377	-105.638	-2.24062	-4.75541	-73.5134	3.47544	-91.8051	174.446	3.65991	4.45228	1.80007	

0.0017	11.9832	1.0028	-0.0183937	0.0596749	-105.819	-2.24373	-4.76208	-73.5912	3.47738	-91.8934	174.962	3.66038	4.45338	1.8007	

0.00172	11.9842	1.00196	-0.0184087	0.0596453	-105.904	-2.24519	-4.76522	-73.6279	3.47828	-91.935	175.211	3.6606	4.45389	1.801	

0.00174	11.9847	1.00157	-0.0184158	0.0596313	-105.943	-2.24588	-4.76668	-73.6449	3.47871	-91.9543	175.323	3.6607	4.45413	1.80114	

0.00176	11.9849	1.00138	-0.0184192	0.0596246	-105.962	-2.2462	-4.76737	-73.6529	3.47891	-91.9634	175.375	3.66075	4.45425	1.80121	

0.00178	11.985	1.0013	-0.0184208	0.0596214	-105.971	-2.24636	-4.76771	-73.6567	3.479	-91.9678	175.4	3.66077	4.4543	1.80124	

0.0018	11.985	1.00125	-0.0184217	0.0596198	-105.975	-2.24643	-4.76786	-73.6585	3.47905	-91.9698	175.411	3.66078	4.45433	1.80126	

0.00182	11.9851	1.00123	-0.0184222	0.0596189	-105.977	-2.24646	-4.76793	-73.6592	3.47907	-91.9707	175.415	3.66079	4.45434	1.80126	

0.00184	11.9851	1.00121	-0.0184224	0.0596183	-105.978	-2.24647	-4.76797	-73.6596	3.47908	-91.9711	175.417	3.66079	4.45434	1.80127	

0.00186	11.9851	1.00121	-0.0184226	0.059618	-105.978	-2.24648	-4.76799	-73.6598	3.47908	-91.9713	175.417	3.66079	4.45435	1.80127	

0.00188	11.9851	1.0012	-0.0184227	0.0596178	-105.979	-2.24649	-4.76801	-73.66	3.47909	-91.9715	175.417	3.66079	4.45435	1.80127	

0.0019	11.9851	1.0012	-0.0184227	0.0596177	-105.979	-2.2465	-4.76803	-73.6601	3.47909	-91.9716	175.416	3.66079	4.45435	1.80127	

0.00192	11.9851	1.0012	-0.0184227	0.0596176	-105.98	-2.2465	-4.76805	-73.6603	3.4791	-91.9718	175.415	3.66079	4.45435	1.80127	

0.00194	11.9851	1.0012	-0.0184227	0.0596175	-105.98	-2.24651	-4.76807	-73.6604	3.4791	-91.972	175.415	3.6608	4.45436	1.80127	

0.00196	11.9851	1.0012	-0.0184227	0.0596174	-105.98	-2.24652	-4.76809	-73.6606	3.4791	-91.9722	175.414	3.6608	4.45436	1.80128	

0.00198	11.9851	1.0012	-0.0184227	0.0596173	-105.981	-2.24653	-4.76811	-73.6607	3.47911	-91.9723	175.414	3.6608	4.45436	1.80128	

0.002	11.9851	1.0012	-0.0184228	0.0596171	-105.981	-2.24653	-4.76812	-73.6608	3.47911	-91.9724	175.413	3.6608	4.45436	1.80128	

0.00202	11.9851	1.0012	-0.0184228	0.0596169	-105.981	-2.24653	-4.76814	-73.6608	3.47911	-91.9725	175.413	3.6608	4.45436	1.80128	

0.00204	11.9851	1.00119	-0.0184229	0.0596167	-105.981	-2.24653	-4.76815	-73.6609	3.47911	-91.9725	175.414	3.6608	4.45436	1.80128	

0.00206	11.9851	1.00119	-0.0184229	0.0596163	-105.981	-2.24653	-4.76815	-73.6608	3.47911	-91.9725	175.413	3.6608	4.45436	1.80128	

0.00208	11.9851	1.00119	-0.0184229	0.059616	-105.981	-2.24653	-4.76816	-73.6608	3.47911	-91.9725	175.413	3.6608	4.45436	1.80128	

0.0021	11.9851	1.00118	-0.0184229	0.0596156	-105.981	-2.24652	-4.76818	-73.6608	3.47911	-91.9725	175.412	3.6608	4.45436	1.80128	

0.00212	11.9851	1.00118	-0.0184229	0.0596152	-105.981	-2.24652	-4.7682	-73.6608	3.47911	-91.9725	175.41	3.6608	4.45436	1.80128	

0.00214	11.9851	1.00118	-0.0184228	0.0596147	-105.981	-2.24652	-4.76823	-73.6608	3.47911	-91.9725	175.409	3.6608	4.45436	1.80128	

0.00216	11.9851	1.00118	-0.0184226	0.0596142	-105.981	-2.24651	-4.76827	-73.6609	3.47912	-91.9726	175.408	3.6608	4.45437	1.80128	

0.00218	11.9851	1.00118	-0.0184224	0.0596136	-105.982	-2.2465	-4.76831	-73.661	3.47912	-91.9727	175.407	3.6608	4.45437	1.80128	

0.0022	11.9851	1.00118	-0.0184221	0.0596128	-105.982	-2.24649	-4.76837	-73.6611	3.47912	-91.9728	175.406	3.6608	4.45437	1.80128	

0.00222	11.9851	1.00118	-0.0184217	0.0596117	-105.982	-2.24647	-4.76844	-73.6611	3.47912	-91.9729	175.406	3.6608	4.45437	1.80128	

0.00224	11.9851	1.00118	-0.0184212	0.0596104	-105.982	-2.24645	-4.76852	-73.6612	3.47913	-91.973	175.405	3.6608	4.45437	1.80128	

0.00226	11.9851	1.00118	-0.0184205	0.0596087	-105.983	-2.24641	-4.76862	-73.6613	3.47913	-91.973	175.404	3.6608	4.45437	1.80128	

0.00228	11.9851	1.00118	-0.0184195	0.0596066	-105.983	-2.24636	-4.76875	-73.6613	3.47913	-91.9731	175.403	3.6608	4.45437	1.80128	

0.0023	11.9851	1.00118	-0.0184183	0.059604	-105.983	-2.24629	-4.7689	-73.6613	3.47913	-91.9731	175.403	3.6608	4.45437	1.80128	

0.00232	11.9851	1.00118	-0.0184167	0.0596006	-105.983	-2.2462	-4.76908	-73.6613	3.47913	-91.9731	175.402	3.6608	4.45437	1.80128	

0.00234	11.9851	1.00117	-0.0184146	0.0595965	-105.983	-2.24608	-4.76931	-73.6612	3.47913	-91.9731	175.4	3.6608	4.45437	1.80128	

0.00236	11.9851	1.00117	-0.018412	0.0595915	-105.983	-2.24593	-4.7696	-73.6612	3.47913	-91.9731	175.399	3.6608	4.45437	1.80128	

0.00238	11.9851	1.00117	-0.0184085	0.0595853	-105.983	-2.24575	-4.76995	-73.6612	3.47913	-91.9731	175.397	3.6608	4.45437	1.80129	

0.0024	11.9851	1.00117	-0.0184041	0.0595777	-105.983	-2.24551	-4.77039	-73.6612	3.47913	-91.9731	175.395	3.6608	4.45438	1.80129	

0.00242	11.9851	1.00117	-0.0183986	0.0595684	-105.983	-2.24521	-4.77092	-73.6612	3.47913	-91.9732	175.393	3.6608	4.45438	1.80129	

0.00244	11.9851	1.00117	-0.0183916	0.0595571	-105.983	-2.24484	-4.77157	-73.6613	3.47914	-91.9732	175.391	3.6608	4.45438	1.80129	

0.00246	11.9851	1.00117	-0.0183828	0.0595434	-105.983	-2.24438	-4.77235	-73.6613	3.47914	-91.9733	175.388	3.66081	4.45438	1.80129	

0.00248	11.9851	1.00117	-0.018372	0.0595269	-105.983	-2.2438	-4.77328	-73.6613	3.47914	-91.9733	175.385	3.66081	4.45438	1.80129	

0.0025	11.9851	1.00117	-0.0183585	0.0595072	-105.983	-2.24309	-4.77439	-73.6612	3.47915	-91.9734	175.382	3.66081	4.45438	1.80129	

0.00252	11.9851	1.00117	-0.0183419	0.0594837	-105.983	-2.24221	-4.77571	-73.6612	3.47915	-91.9734	175.378	3.66081	4.45438	1.80129	

0.00254	11.9851	1.00117	-0.0183216	0.0594558	-105.983	-2.24114	-4.77727	-73.6611	3.47916	-91.9734	175.374	3.66081	4.45438	1.80129	

0.00256	11.9851	1.00117	-0.0182969	0.059423	-105.983	-2.23984	-4.7791	-73.661	3.47917	-91.9734	175.369	3.66081	4.45438	1.80129	

0.00258	11.9851	1.00117	-0.0182668	0.0593845	-105.983	-2.23826	-4.78124	-73.6609	3.47918	-91.9734	175.362	3.66081	4.45438	1.80129	

0.0026	11.9851	1.00117	-0.0182304	0.0593397	-105.983	-2.23636	-4.78372	-73.6607	3.47919	-91.9734	175.355	3.66081	4.45438	1.80129	

0.00262	11.9851	1.00117	-0.0181867	0.0592879	-105.983	-2.23409	-4.7866	-73.6606	3.47921	-91.9734	175.346	3.66081	4.45438	1.80129	

0.00264	11.9851	1.00117	-0.0181344	0.0592281	-105.983	-2.23138	-4.7899	-73.6604	3.47924	-91.9734	175.336	3.66081	4.45438	1.80129	

0.00266	11.9851	1.00117	-0.018072	0.0591597	-105.983	-2.22816	-4.79368	-73.6602	3.47927	-91.9735	175.324	3.66081	4.45438	1.80129	

0.00268	11.9851	1.00117	-0.017998	0.0590817	-105.983	-2.22435	-4.79796	-73.6599	3.47931	-91.9735	175.31	3.66081	4.45438	1.80129	

0.0027	11.9851	1.00117	-0.0179106	0.0589935	-105.983	-2.21988	-4.80281	-73.6596	3.47936	-91.9735	175.294	3.66081	4.45438	1.80129	

0.00272	11.9851	1.00117	-0.0178079	0.0588941	-105.983	-2.21464	-4.80825	-73.6593	3.47942	-91.9735	175.276	3.66081	4.45438	1.80129	

0.00274	11.9851	1.00117	-0.0176879	0.0587829	-105.984	-2.20853	-4.81433	-73.6589	3.4795	-91.9736	175.255	3.66081	4.45438	1.80129	

0.00276	11.9851	1.00117	-0.0175481	0.0586592	-105.984	-2.20144	-4.82107	-73.6585	3.47959	-91.9736	175.231	3.66081	4.45438	1.80129	

0.00278	11.9851	1.00117	-0.0173861	0.0585223	-105.984	-2.19326	-4.82851	-73.658	3.4797	-91.9736	175.204	3.66081	4.45439	1.80129	

0.0028	11.9851	1.00117	-0.0171993	0.0583718	-105.984	-2.18386	-4.83667	-73.6574	3.47984	-91.9736	175.172	3.66081	4.45439	1.80129	

0.00282	11.9851	1.00117	-0.0169849	0.0582075	-105.984	-2.17311	-4.84556	-73.6567	3.48	-91.9735	175.136	3.66082	4.45439	1.80129	

0.00284	11.9852	1.00117	-0.0167399	0.058029	-105.984	-2.16086	-4.8552	-73.6559	3.48019	-91.9735	175.096	3.66082	4.45439	1.80129	

0.00286	11.9852	1.00117	-0.0164613	0.0578364	-105.984	-2.14699	-4.86557	-73.655	3.48041	-91.9734	175.05	3.66082	4.4544	1.8013	

0.00288	11.9852	1.00117	-0.0161459	0.05763	-105.984	-2.13134	-4.87667	-73.6541	3.48067	-91.9734	174.998	3.66082	4.4544	1.8013	

0.0029	11.9852	1.00116	-0.0157906	0.0574102	-105.984	-2.11378	-4.88847	-73.653	3.48098	-91.9733	174.941	3.66082	4.45441	1.8013	

0.00292	11.9852	1.00116	-0.0153923	0.0571776	-105.984	-2.09417	-4.90093	-73.6519	3.48133	-91.9732	174.877	3.66083	4.45442	1.80131	

0.00294	11.9852	1.00116	-0.0149478	0.0569332	-105.984	-2.07236	-4.91399	-73.6506	3.48174	-91.9731	174.806	3.66083	4.45443	1.80131	

0.00296	11.9852	1.00115	-0.0144543	0.0566782	-105.984	-2.04823	-4.92761	-73.6493	3.4822	-91.973	174.728	3.66084	4.45444	1.80132	

0.00298	11.9853	1.00114	-0.0139089	0.056414	-105.985	-2.02167	-4.94169	-73.6478	3.48273	-91.9728	174.643	3.66084	4.45445	1.80133	

0.003	11.9853	1.00114	-0.0133092	0.0561423	-105.985	-1.99257	-4.95615	-73.6461	3.48332	-91.9726	174.549	3.66085	4.45446	1.80134	

0.00302	11.9853	1.00113	-0.0126529	0.0558649	-105.985	-1.96085	-4.97088	-73.6444	3.48398	-91.9724	174.448	3.66085	4.45448	1.80135	

0.00304	11.9854	1.00112	-0.0119384	0.0555836	-105.986	-1.92643	-4.98578	-73.6426	3.48471	-91.9721	174.339	3.66086	4.4545	1.80136	

0.00306	11.9854	1.00111	-0.0111642	0.0553006	-105.986	-1.88929	-5.00066	-73.6406	3.48552	-91.9718	174.221	3.66087	4.45452	1.80137	

0.00308	11.9855	1.00109	-0.0103297	0.0550202	-105.987	-1.8494	-5.01536	-73.6385	3.48642	-91.9714	174.096	3.66088	4.45454	1.80139	

0.0031	11.9855	1.00108	-0.00943456	0.0547463	-105.987	-1.80679	-5.02972	-73.6363	3.48739	-91.9709	173.963	3.66089	4.45456	1.8014	

0.00312	11.9856	1.00106	-0.00847933	0.0544813	-105.988	-1.76148	-5.04363	-73.634	3.48845	-91.9705	173.822	3.6609	4.45459	1.80142	

0.00314	11.9857	1.00104	-0.00746514	0.0542278	-105.989	-1.71357	-5.05695	-73.6317	3.48959	-91.9699	173.674	3.66091	4.45462	1.80144	

0.00316	11.9857	1.00102	-0.00639386	0.0539883	-105.99	-1.66316	-5.06957	-73.6293	3.4908	-91.9694	173.519	3.66092	4.45465	1.80146	

0.00318	11.9858	1.001	-0.00526816	0.0537647	-105.991	-1.61039	-5.08139	-73.6268	3.4921	-91.9688	173.358	3.66093	4.45468	1.80149	

0.0032	11.9859	1.00098	-0.00409149	0.0535592	-105.992	-1.55546	-5.09232	-73.6243	3.49347	-91.9681	173.191	3.66095	4.45472	1.80151	

0.00322	11.986	1.00096	-0.00286806	0.0533732	-105.993	-1.49856	-5.10228	-73.6217	3.4949	-91.9674	173.02	3.66096	4.45475	1.80154	

0.00324	11.9861	1.00093	-0.00160285	0.0532082	-105.994	-1.43997	-5.11121	-73.6191	3.4964	-91.9666	172.845	3.66097	4.45479	1.80156	

0.00326	11.9861	1.0009	-0.000301553	0.0530649	-105.995	-1.37994	-5.11908	-73.6166	3.49794	-91.9657	172.667	3.66099	4.45483	1.80159	

0.00328	11.9862	1.00087	0.00102951	0.0529439	-105.996	-1.3188	-5.12586	-73.614	3.49953	-91.9649	172.487	3.661	4.45487	1.80162	

0.0033	11.9863	1.00085	0.00238349	0.0528452	-105.998	-1.25687	-5.13154	-73.6115	3.50115	-91.9639	172.306	3.66102	4.45491	1.80165	

0.00332	11.9864	1.00082	0.00375342	0.052769	-105.999	-1.1945	-5.13612	-73.609	3.50279	-91.963	172.124	3.66103	4.45495	1.80167	

0.00334	11.9865	1.00079	0.00513417	0.0527154	-106	-1.13214	-5.13964	-73.6065	3.50444	-91.962	171.944	3.66105	4.455	1.8017	

0.00336	11.9866	1.00076	0.00651374	0.0526846	-106.002	-1.07034	-5.14219	-73.6042	3.50609	-91.961	171.767	3.66106	4.45504	1.80173	

0.00338	11.9867	1.00073	0.00787724	0.0526736	-106.003	-1.00951	-5.14399	-73.6019	3.50771	-91.9599	171.592	3.66108	4.45508	1.80176	

0.0034	11.9868	1.0007	0.00921632	0.0526743	-106.004	-0.950038	-5.14518	-73.5997	3.50929	-91.9589	171.422	3.66109	4.45512	1.80179	

0.00342	11.9869	1.00067	0.0105231	0.0526835	-106.005	-0.892237	-5.14572	-73.5976	3.51084	-91.9579	171.257	3.66111	4.45515	1.80181	

0.00344	11.987	1.00065	0.0117908	0.0527047	-106.006	-0.8364	-5.14558	-73.5957	3.51233	-91.9568	171.099	3.66112	4.45519	1.80184	

0.00346	11.987	1.00062	0.013013	0.0527383	-106.008	-0.782781	-5.1448	-73.5938	3.51377	-91.9558	170.947	3.66113	4.45522	1.80186	

0.00348	11.9871	1.0006	0.0141844	0.0527832	-106.009	-0.731598	-5.14344	-73.5921	3.51515	-91.9549	170.802	3.66114	4.45526	1.80188	

0.0035	11.9872	1.00057	0.0153006	0.0528378	-106.01	-0.683026	-5.1416	-73.5905	3.51645	-91.9539	170.665	3.66116	4.45529	1.80191	

0.00352	11.9873	1.00055	0.0163578	0.0529003	-106.011	-0.637202	-5.13935	-73.589	3.51768	-91.953	170.537	3.66117	4.45532	1.80193	

0.00354	11.9873	1.00053	0.0173532	0.0529687	-106.011	-0.594222	-5.13679	-73.5876	3.51884	-91.9521	170.416	3.66118	4.45535	1.80194	

0.00356	11.9874	1.00051	0.018285	0.0530413	-106.012	-0.554144	-5.13402	-73.5863	3.51992	-91.9512	170.304	3.66119	4.45537	1.80196	

0.00358	11.9874	1.0005	0.0191523	0.0531166	-106.013	-0.516987	-5.13112	-73.5851	3.52091	-91.9504	170.199	3.6612	4.4554	1.80198	

0.0036	11.9875	1.00048	0.0199546	0.0531928	-106.014	-0.482739	-5.12818	-73.5841	3.52183	-91.9497	170.103	3.6612	4.45542	1.80199	

0.00362	11.9875	1.00046	0.0206927	0.0532678	-106.014	-0.451352	-5.12528	-73.5831	3.52268	-91.949	170.015	3.66121	4.45544	1.80201	

0.00364	11.9876	1.00045	0.0213677	0.05334	-106.015	-0.422754	-5.12248	-73.5822	3.52344	-91.9483	169.934	3.66122	4.45546	1.80202	

0.00366	11.9876	1.00044	0.0219814	0.0534087	-106.016	-0.396847	-5.1198	-73.5814	3.52414	-91.9477	169.861	3.66122	4.45547	1.80203	

0.00368	11.9876	1.00043	0.0225361	0.0534734	-106.016	-0.373512	-5.11727	-73.5807	3.52476	-91.9472	169.795	3.66123	4.45549	1.80204	

0.0037	11.9877	1.00042	0.0230347	0.0535338	-106.017	-0.352616	-5.1149	-73.5801	3.52532	-91.9467	169.735	3.66124	4.4555	1.80205	

0.00372	11.9877	1.00041	0.0234801	0.0535896	-106.017	-0.334009	-5.11271	-73.5795	3.52582	-91.9463	169.682	3.66124	4.45552	1.80206	

0.00374	11.9877	1.0004	0.0238759	0.0536408	-106.017	-0.317535	-5.1107	-73.5791	3.52626	-91.9459	169.635	3.66124	4.45553	1.80207	

0.00376	11.9877	1.00039	0.0242255	0.0536872	-106.018	-0.303033	-5.10887	-73.5786	3.52665	-91.9455	169.593	3.66125	4.45554	1.80207	

0.00378	11.9878	1.00039	0.0245326	0.0537291	-106.018	-0.290339	-5.10722	-73.5782	3.52699	-91.9452	169.556	3.66125	4.45554	1.80208	

0.0038	11.9878	1.00038	0.0248008	0.0537665	-106.018	-0.279291	-5.10575	-73.5779	3.52728	-91.9449	169.524	3.66125	4.45555	1.80208	

0.00382	11.9878	1.00038	0.0250337	0.0537997	-106.018	-0.26973	-5.10445	-73.5776	3.52754	-91.9447	169.496	3.66126	4.45556	1.80209	

0.00384	11.9878	1.00037	0.0252347	0.0538289	-106.018	-0.261502	-5.1033	-73.5774	3.52776	-91.9444	169.472	3.66126	4.45556	1.80209	

0.00386	11.9878	1.00037	0.0254073	0.0538545	-106.019	-0.254462	-5.10229	-73.5772	3.52795	-91.9443	169.452	3.66126	4.45557	1.80209	

0.00388	11.9878	1.00036	0.0255547	0.0538767	-106.019	-0.248472	-5.10142	-73.577	3.5281	-91.9441	169.434	3.66126	4.45557	1.8021	

0.0039	11.9878	1.00036	0.0256798	0.0538958	-106.019	-0.243405	-5.10067	-73.5768	3.52824	-91.944	169.42	3.66126	4.45558	1.8021	

0.00392	11.9878	1.00036	0.0257853	0.0539122	-106.019	-0.239143	-5.10003	-73.5767	3.52835	-91.9439	169.408	3.66126	4.45558	1.8021	

0.00394	11.9878	1.00036	0.0258739	0.0539262	-106.019	-0.235578	-5.09949	-73.5766	3.52844	-91.9438	169.398	3.66126	4.45558	1.8021	

0.00396	11.9879	1.00036	0.0259477	0.053938	-106.019	-0.232615	-5.09903	-73.5766	3.52852	-91.9437	169.391	3.66126	4.45558	1.8021	

0.00398	11.9879	1.00036	0.026009	0.0539479	-106.019	-0.230165	-5.09865	-73.5765	3.52858	-91.9437	169.385	3.66126	4.45558	1.80211	

0.004	11.9879	1.00035	0.0260595	0.0539562	-106.019	-0.228153	-5.09833	-73.5765	3.52863	-91.9437	169.382	3.66127	4.45559	1.80211	

0.00402	11.9879	1.00035	0.0261009	0.053963	-106.019	-0.226509	-5.09806	-73.5765	3.52867	-91.9437	169.38	3.66127	4.45559	1.80211	

0.00404	11.9879	1.00035	0.0261346	0.0539687	-106.019	-0.225176	-5.09784	-73.5765	3.5287	-91.9437	169.38	3.66127	4.45559	1.80211	

0.00406	11.9879	1.00035	0.0261619	0.0539733	-106.019	-0.2241	-5.09766	-73.5765	3.52871	-91.9437	169.382	3.66127	4.45559	1.80211	

0.00408	11.9879	1.00035	0.0261839	0.0539771	-106.019	-0.223239	-5.09751	-73.5766	3.52872	-91.9438	169.386	3.66127	4.45559	1.80211	

0.0041	11.9879	1.00035	0.0262014	0.0539802	-106.019	-0.222554	-5.0974	-73.5766	3.52873	-91.9438	169.391	3.66127	4.45559	1.80211	

0.00412	11.9879	1.00035	0.0262153	0.0539827	-106.019	-0.222014	-5.0973	-73.5767	3.52872	-91.9439	169.399	3.66127	4.45559	1.80211	

0.00414	11.9879	1.00035	0.0262262	0.0539847	-106.019	-0.221591	-5.09722	-73.5769	3.52871	-91.944	169.409	3.66126	4.45558	1.80211	

0.00416	11.9879	1.00035	0.0262347	0.0539863	-106.019	-0.221263	-5.09716	-73.577	3.52868	-91.9442	169.421	3.66126	4.45558	1.80211	

0.00418	11.9879	1.00035	0.0262413	0.0539876	-106.019	-0.221011	-5.09711	-73.5772	3.52865	-91.9443	169.436	3.66126	4.45558	1.8021	

0.0042	11.9878	1.00035	0.0262464	0.0539886	-106.019	-0.22082	-5.09707	-73.5774	3.52861	-91.9445	169.453	3.66126	4.45558	1.8021	

0.00422	11.9878	1.00035	0.0262502	0.0539894	-106.019	-0.220677	-5.09704	-73.5777	3.52855	-91.9447	169.474	3.66126	4.45558	1.8021	

0.00424	11.9878	1.00035	0.026253	0.0539901	-106.019	-0.220571	-5.09702	-73.578	3.52848	-91.945	169.499	3.66126	4.45557	1.8021	

0.00426	11.9878	1.00035	0.0262551	0.0539906	-106.019	-0.220495	-5.097	-73.5783	3.5284	-91.9453	169.528	3.66126	4.45557	1.8021	

0.00428	11.9878	1.00035	0.0262566	0.053991	-106.019	-0.220442	-5.09698	-73.5787	3.52829	-91.9457	169.561	3.66126	4.45556	1.8021	

0.0043	11.9878	1.00035	0.0262577	0.0539913	-106.02	-0.220407	-5.09697	-73.5792	3.52816	-91.9461	169.6	3.66125	4.45556	1.80209	

0.00432	11.9878	1.00035	0.0262584	0.0539916	-106.02	-0.220385	-5.09696	-73.5797	3.528	-91.9465	169.645	3.66125	4.45555	1.80209	

0.00434	11.9878	1.00035	0.0262588	0.0539918	-106.02	-0.220373	-5.09695	-73.5803	3.5278	-91.9471	169.696	3.66125	4.45555	1.80209	

0.00436	11.9878	1.00035	0.026259	0.053992	-106.02	-0.220367	-5.09695	-73.581	3.52757	-91.9477	169.755	3.66125	4.45554	1.80208	

0.00438	11.9878	1.00035	0.0262591	0.0539921	-106.02	-0.220366	-5.09694	-73.5818	3.52729	-91.9484	169.823	3.66124	4.45553	1.80208	

0.0044	11.9877	1.00035	0.0262591	0.0539922	-106.02	-0.220368	-5.09694	-73.5828	3.52695	-91.9492	169.901	3.66124	4.45552	1.80207	

0.00442	11.9877	1.00035	0.0262591	0.0539923	-106.02	-0.220373	-5.09693	-73.5838	3.52655	-91.9502	169.989	3.66123	4.45551	1.80206	

0.00444	11.9877	1.00035	0.026259	0.0539924	-106.02	-0.220381	-5.09693	-73.585	3.52606	-91.9512	170.09	3.66123	4.4555	1.80206	

0.00446	11.9877	1.00035	0.0262589	0.0539925	-106.02	-0.220391	-5.09693	-73.5864	3.52549	-91.9524	170.204	3.66122	4.45548	1.80205	

0.00448	11.9876	1.00035	0.0262587	0.0539926	-106.02	-0.220402	-5.09692	-73.5879	3.52481	-91.9538	170.334	3.66121	4.45547	1.80204	

0.0045	11.9876	1.00035	0.0262585	0.0539927	-106.02	-0.220413	-5.09692	-73.5896	3.52401	-91.9553	170.481	3.66121	4.45545	1.80203	

0.00452	11.9876	1.00035	0.0262583	0.0539928	-106.02	-0.220425	-5.09692	-73.5916	3.52306	-91.957	170.647	3.6612	4.45543	1.80201	

0.00454	11.9875	1.00035	0.0262581	0.0539929	-106.02	-0.220436	-5.09692	-73.5938	3.52195	-91.959	170.834	3.66119	4.4554	1.802	

0.00456	11.9875	1.00035	0.0262579	0.053993	-106.02	-0.220446	-5.09692	-73.5963	3.52065	-91.9611	171.045	3.66117	4.45537	1.80199	

0.00458	11.9874	1.00035	0.0262577	0.053993	-106.02	-0.220456	-5.09692	-73.5991	3.51913	-91.9636	171.281	3.66116	4.45534	1.80197	

0.0046	11.9873	1.00035	0.0262576	0.0539931	-106.02	-0.220465	-5.09692	-73.6022	3.51736	-91.9663	171.547	3.66115	4.45531	1.80195	

0.00462	11.9873	1.00035	0.0262575	0.0539932	-106.02	-0.220474	-5.09692	-73.6057	3.51531	-91.9693	171.843	3.66113	4.45527	1.80193	

0.00464	11.9872	1.00035	0.0262573	0.0539933	-106.02	-0.220482	-5.09692	-73.6096	3.51293	-91.9727	172.174	3.66111	4.45523	1.8019	

0.00466	11.9871	1.00035	0.0262572	0.0539933	-106.02	-0.22049	-5.09692	-73.6139	3.51018	-91.9765	172.542	3.66109	4.45518	1.80187	

0.00468	11.987	1.00035	0.0262571	0.0539934	-106.02	-0.220498	-5.09692	-73.6187	3.50702	-91.9806	172.951	3.66107	4.45513	1.80184	

0.0047	11.9869	1.00035	0.026257	0.0539935	-106.02	-0.220505	-5.09692	-73.624	3.50339	-91.9852	173.404	3.66104	4.45507	1.80181	

0.00472	11.9868	1.00035	0.0262569	0.0539936	-106.02	-0.220512	-5.09692	-73.6299	3.49924	-91.9903	173.905	3.66101	4.455	1.80177	

0.00474	11.9866	1.00035	0.0262569	0.0539937	-106.02	-0.22052	-5.09692	-73.6363	3.49451	-91.9959	174.456	3.66098	4.45493	1.80173	

0.00476	11.9865	1.00035	0.0262568	0.0539938	-106.02	-0.220527	-5.09692	-73.6434	3.48913	-92.002	175.061	3.66095	4.45485	1.80169	

0.00478	11.9863	1.00035	0.0262567	0.0539938	-106.02	-0.220534	-5.09692	-73.6512	3.48303	-92.0087	175.725	3.66091	4.45476	1.80164	

0.0048	11.9861	1.00035	0.0262566	0.0539939	-106.02	-0.220541	-5.09692	-73.6596	3.47613	-92.0159	176.449	3.66087	4.45467	1.80158	

0.00482	11.9859	1.00035	0.0262566	0.053994	-106.02	-0.220548	-5.09693	-73.6688	3.46836	-92.0239	177.238	3.66082	4.45457	1.80152	

0.00484	11.9857	1.00035	0.0262565	0.0539941	-106.021	-0.220555	-5.09693	-73.6788	3.45963	-92.0324	178.095	3.66077	4.45445	1.80146	

0.00486	11.9855	1.00035	0.0262564	0.0539942	-106.021	-0.220562	-5.09693	-73.6897	3.44985	-92.0417	179.022	3.66072	4.45433	1.80139	

0.00488	11.9852	1.00035	0.0262564	0.0539943	-106.021	-0.220569	-5.09694	-73.7014	3.43893	-92.0517	180.022	3.66066	4.4542	1.80132	

0.0049	11.985	1.00035	0.0262563	0.0539943	-106.021	-0.220576	-5.09694	-73.7139	3.42677	-92.0624	181.097	3.6606	4.45405	1.80124	

0.00492	11.9847	1.00035	0.0262563	0.0539944	-106.021	-0.220583	-5.09694	-73.7274	3.41327	-92.0738	182.248	3.66053	4.4539	1.80115	

0.00494	11.9844	1.00035	0.0262562	0.0539945	-106.021	-0.22059	-5.09695	-73.7418	3.39833	-92.086	183.478	3.66046	4.45374	1.80106	

0.00496	11.984	1.00035	0.0262562	0.0539946	-106.021	-0.220596	-5.09695	-73.7571	3.38185	-92.099	184.786	3.66038	4.45356	1.80096	

0.00498	11.9837	1.00035	0.0262561	0.0539947	-106.021	-0.220602	-5.09695	-73.7733	3.36372	-92.1127	186.173	3.6603	4.45337	1.80085	

0.005	11.9833	1.00035	0.0262561	0.0539948	-106.021	-0.220608	-5.09696	-73.7905	3.34384	-92.1272	187.637	3.66021	4.45317	1.80074	

0.00502	11.9829	1.00035	0.0262561	0.0539949	-106.021	-0.220613	-5.09696	-73.8086	3.3221	-92.1424	189.177	3.66012	4.45296	1.80062	

0.00504	11.9825	1.00035	0.0262561	0.053995	-106.021	-0.220618	-5.09697	-73.8275	3.29841	-92.1583	190.79	3.66002	4.45274	1.8005	

0.00506	11.9821	1.00035	0.026256	0.053995	-106.022	-0.220623	-5.09697	-73.8473	3.27266	-92.1749	192.474	3.65992	4.45251	1.80037	

0.00508	11.9816	1.00035	0.026256	0.0539951	-106.022	-0.220628	-5.09698	-73.8679	3.24476	-92.1921	194.224	3.65982	4.45227	1.80023	

0.0051	11.9812	1.00034	0.026256	0.0539952	-106.022	-0.220632	-5.09698	-73.8893	3.21463	-92.2099	196.035	3.65971	4.45202	1.80009	

0.00512	11.9807	1.00034	0.026256	0.0539953	-106.022	-0.220636	-5.09698	-73.9113	3.18219	-92.2282	197.9	3.65959	4.45176	1.79995	

0.00514	11.9802	1.00034	0.026256	0.0539954	-106.022	-0.22064	-5.09699	-73.9339	3.14735	-92.2469	199.814	3.65947	4.45149	1.7998	

0.00516	11.9797	1.00034	0.0262559	0.0539955	-106.022	-0.220644	-5.09699	-73.957	3.11006	-92.266	201.767	3.65935	4.45121	1.79964	

0.00518	11.9791	1.00034	0.0262559	0.0539956	-106.022	-0.220648	-5.09699	-73.9805	3.07027	-92.2853	203.752	3.65922	4.45093	1.79949	

0.0052	11.9786	1.00034	0.0262558	0.0539957	-106.022	-0.220651	-5.09699	-74.0043	3.02794	-92.3048	205.759	3.6591	4.45065	1.79933	

0.00522	11.9781	1.00034	0.0262558	0.0539958	-106.022	-0.220655	-5.09699	-74.0282	2.98304	-92.3244	207.778	3.65897	4.45036	1.79917	

0.00524	11.9776	1.00034	0.0262557	0.0539958	-106.022	-0.220659	-5.09699	-74.0521	2.93556	-92.3438	209.797	3.65884	4.45006	1.79901	

0.00526	11.977	1.00034	0.0262556	0.0539959	-106.022	-0.220662	-5.09699	-74.0759	2.8855	-92.3631	211.806	3.65871	4.44977	1.79885	

0.00528	11.9765	1.00034	0.0262556	0.053996	-106.022	-0.220665	-5.09699	-74.0994	2.83288	-92.382	213.793	3.65858	4.44948	1.79869	

0.0053	11.976	1.00034	0.0262554	0.053996	-106.022	-0.220668	-5.09699	-74.1225	2.77775	-92.4005	215.744	3.65845	4.4492	1.79853	

0.00532	11.9754	1.00034	0.0262553	0.0539961	-106.022	-0.220671	-5.09698	-74.145	2.72014	-92.4183	217.649	3.65833	4.44891	1.79838	

0.00534	11.975	1.00034	0.0262552	0.0539961	-106.022	-0.220674	-5.09698	-74.1667	2.66014	-92.4355	219.495	3.6582	4.44864	1.79823	

0.00536	11.9745	1.00034	0.0262551	0.0539962	-106.022	-0.220676	-5.09698	-74.1875	2.59784	-92.4517	221.269	3.65808	4.44837	1.79808	

0.00538	11.974	1.00034	0.026255	0.0539962	-106.021	-0.220678	-5.09697	-74.2071	2.53333	-92.4669	222.959	3.65797	4.44812	1.79795	

0.0054	11.9736	1.00034	0.0262548	0.0539963	-106.021	-0.22068	-5.09696	-74.2255	2.46674	-92.481	224.554	3.65786	4.44788	1.79782	

0.00542	11.9732	1.00034	0.0262547	0.0539963	-106.021	-0.220682	-5.09695	-74.2425	2.39821	-92.4938	226.042	3.65776	4.44765	1.79769	

0.00544	11.9728	1.00035	0.0262546	0.0539964	-106.021	-0.220683	-5.09695	-74.258	2.3279	-92.5052	227.413	3.65766	4.44744	1.79758	

0.00546	11.9725	1.00035	0.0262544	0.0539964	-106.021	-0.220684	-5.09694	-74.2717	2.25597	-92.5151	228.657	3.65757	4.44725	1.79748	

0.00548	11.9722	1.00035	0.0262543	0.0539964	-106.021	-0.220685	-5.09693	-74.2836	2.18262	-92.5234	229.765	3.65749	4.44708	1.79739	

0.0055	11.9719	1.00035	0.0262541	0.0539964	-106.021	-0.220686	-5.09692	-74.2936	2.10803	-92.5299	230.728	3.65742	4.44693	1.79732	

0.00552	11.9717	1.00035	0.026254	0.0539965	-106.02	-0.220686	-5.09691	-74.3016	2.03242	-92.5347	231.54	3.65736	4.4468	1.79725	

0.00554	11.9715	1.00035	0.0262539	0.0539965	-106.02	-0.220686	-5.0969	-74.3074	1.956	-92.5377	232.194	3.65731	4.44669	1.7972	

0.00556	11.9714	1.00035	0.0262538	0.0539965	-106.02	-0.220686	-5.09688	-74.3111	1.87898	-92.5387	232.686	3.65727	4.44661	1.79717	

0.00558	11.9713	1.00035	0.0262537	0.0539966	-106.02	-0.220687	-5.09687	-74.3125	1.80161	-92.5379	233.012	3.65724	4.44656	1.79714	

0.0056	11.9713	1.00035	0.0262536	0.0539967	-106.02	-0.220689	-5.09687	-74.3117	1.72411	-92.5351	233.171	3.65722	4.44653	1.79714	

0.00562	11.9713	1.00035	0.0262536	0.0539967	-106.019	-0.220692	-5.09686	-74.3087	1.64671	-92.5305	233.164	3.65722	4.44653	1.79714	

0.00564	11.9714	1.00035	0.0262534	0.0539967	-106.019	-0.220696	-5.09685	-74.3035	1.56965	-92.5239	232.989	3.65722	4.44655	1.79716	

0.00566	11.9715	1.00035	0.0262533	0.0539967	-106.019	-0.220697	-5.09684	-74.296	1.49314	-92.5154	232.646	3.65724	4.4466	1.7972	

0.00568	11.9717	1.00035	0.0262532	0.0539967	-106.019	-0.220699	-5.09683	-74.2863	1.41743	-92.505	232.138	3.65726	4.44667	1.79725	

0.0057	11.9719	1.00035	0.0262531	0.0539967	-106.019	-0.220699	-5.09682	-74.2746	1.34271	-92.4929	231.47	3.6573	4.44677	1.79732	

0.00572	11.9722	1.00035	0.026253	0.0539967	-106.018	-0.2207	-5.09681	-74.2608	1.2692	-92.479	230.647	3.65735	4.44689	1.79739	

0.00574	11.9725	1.00035	0.026253	0.0539968	-106.018	-0.220702	-5.0968	-74.2451	1.1971	-92.4636	229.675	3.65741	4.44703	1.79748	

0.00576	11.9728	1.00035	0.0262529	0.0539968	-106.018	-0.220703	-5.09679	-74.2276	1.12659	-92.4466	228.562	3.65747	4.4472	1.79758	

0.00578	11.9732	1.00035	0.0262529	0.0539968	-106.018	-0.220705	-5.09678	-74.2085	1.05784	-92.4283	227.316	3.65755	4.44738	1.7977	

0.0058	11.9736	1.00035	0.0262529	0.0539969	-106.018	-0.220707	-5.09677	-74.1879	0.991008	-92.4087	225.948	3.65763	4.44758	1.79782	

0.00582	11.974	1.00035	0.0262528	0.0539969	-106.018	-0.220709	-5.09676	-74.1659	0.926234	-92.3879	224.467	3.65772	4.4478	1.79795	

0.00584	11.9745	1.00035	0.0262528	0.0539969	-106.017	-0.220711	-5.09676	-74.1427	0.863642	-92.3662	222.885	3.65782	4.44803	1.79809	

0.00586	11.975	1.00035	0.0262528	0.053997	-106.017	-0.220713	-5.09675	-74.1185	0.80334	-92.3437	221.212	3.65792	4.44828	1.79824	

0.00588	11.9755	1.00035	0.0262528	0.053997	-106.017	-0.220715	-5.09675	-74.0935	0.745417	-92.3205	219.461	3.65803	4.44853	1.79839	

0.0059	11.976	1.00035	0.0262529	0.0539971	-106.017	-0.220717	-5.09674	-74.0677	0.689947	-92.2967	217.645	3.65814	4.4488	1.79855	

0.00592	11.9766	1.00035	0.0262529	0.0539971	-106.017	-0.220718	-5.09674	-74.0415	0.636982	-92.2726	215.775	3.65825	4.44907	1.79871	

0.00594	11.9771	1.00035	0.026253	0.0539972	-106.017	-0.22072	-5.09674	-74.0149	0.586562	-92.2482	213.864	3.65837	4.44935	1.79887	

0.00596	11.9776	1.00035	0.026253	0.0539972	-106.017	-0.220721	-5.09674	-73.9881	0.538706	-92.2237	211.924	3.65849	4.44962	1.79904	

0.00598	11.9782	1.00035	0.0262531	0.0539973	-106.017	-0.220722	-5.09674	-73.9613	0.493419	-92.1992	209.969	3.65861	4.4499	1.7992	

0.006	11.9787	1.00035	0.0262532	0.0539974	-106.017	-0.220724	-5.09674	-73.9347	0.450691	-92.1749	208.008	3.65873	4.45018	1.79937	

0.00602	11.9793	1.00035	0.0262533	0.0539974	-106.017	-0.220726	-5.09674	-73.9083	0.410496	-92.1509	206.055	3.65884	4.45046	1.79953	

0.00604	11.9798	1.00035	0.0262533	0.0539975	-106.017	-0.220727	-5.09675	-73.8824	0.372795	-92.1274	204.118	3.65896	4.45073	1.79969	

0.00606	11.9804	1.00035	0.0262534	0.0539975	-106.017	-0.220729	-5.09675	-73.8569	0.337538	-92.1043	202.209	3.65907	4.451	1.79985	

0.00608	11.9809	1.00035	0.0262535	0.0539976	-106.017	-0.220731	-5.09675	-73.8321	0.304662	-92.0818	200.336	3.65918	4.45127	1.8	

0.0061	11.9814	1.00035	0.0262536	0.0539976	-106.017	-0.220734	-5.09676	-73.8081	0.274096	-92.06	198.508	3.65929	4.45152	1.80015	

0.00612	11.9818	1.00035	0.0262537	0.0539977	-106.017	-0.220737	-5.09676	-73.7848	0.245759	-92.039	196.732	3.6594	4.45177	1.8003	

0.00614	11.9823	1.00035	0.0262537	0.0539977	-106.018	-0.22074	-5.09677	-73.7625	0.219563	-92.0188	195.015	3.6595	4.452	1.80044	

0.00616	11.9828	1.00035	0.0262537	0.0539978	-106.018	-0.220744	-5.09677	-73.7411	0.195415	-91.9995	193.362	3.6596	4.45223	1.80057	

0.00618	11.9832	1.00035	0.0262538	0.0539978	-106.018	-0.220748	-5.09677	-73.7206	0.173215	-91.981	191.777	3.65969	4.45245	1.8007	

0.0062	11.9836	1.00035	0.0262538	0.0539978	-106.018	-0.220753	-5.09678	-73.7012	0.152861	-91.9635	190.265	3.65978	4.45266	1.80082	

0.00622	11.984	1.00035	0.0262537	0.0539979	-106.018	-0.220759	-5.09678	-73.6829	0.134246	-91.9469	188.828	3.65986	4.45285	1.80093	

0.00624	11.9843	1.00035	0.0262537	0.0539979	-106.018	-0.220765	-5.09679	-73.6656	0.117264	-91.9313	187.468	3.65994	4.45304	1.80104	

0.00626	11.9847	1.00035	0.0262536	0.0539979	-106.018	-0.220773	-5.09679	-73.6493	0.101805	-91.9167	186.187	3.66001	4.45321	1.80114	

0.00628	11.985	1.00035	0.0262534	0.0539979	-106.018	-0.220781	-5.0968	-73.6341	0.0877586	-91.903	184.983	3.66008	4.45337	1.80124	

0.0063	11.9853	1.00035	0.0262532	0.0539979	-106.018	-0.220789	-5.0968	-73.6199	0.0750141	-91.8902	183.858	3.66014	4.45352	1.80133	

0.00632	11.9855	1.00035	0.0262528	0.0539979	-106.018	-0.220794	-5.09681	-73.6067	0.0634576	-91.8783	182.809	3.6602	4.45366	1.80141	

0.00634	11.9858	1.00035	0.0262523	0.0539979	-106.018	-0.220795	-5.09681	-73.5945	0.0529709	-91.8674	181.835	3.66026	4.45379	1.80149	

0.00636	11.986	1.00035	0.0262516	0.0539978	-106.019	-0.220792	-5.09681	-73.5833	0.043424	-91.8572	180.935	3.66031	4.45391	1.80156	

0.00638	11.9862	1.00035	0.0262508	0.0539977	-106.019	-0.220785	-5.09681	-73.573	0.0346591	-91.8479	180.104	3.66036	4.45403	1.80162	

0.0064	11.9864	1.00035	0.0262493	0.0539976	-106.019	-0.22077	-5.09681	-73.5635	0.0264474	-91.8394	179.342	3.6604	4.45413	1.80168	

0.00642	11.9866	1.00035	0.0262475	0.0539975	-106.019	-0.220755	-5.09681	-73.5548	0.0183297	-91.8316	178.644	3.66044	4.45422	1.80174	

0.00644	11.9868	1.00035	0.0262465	0.0539974	-106.019	-0.220857	-5.09682	-73.5469	0.00820674	-91.8245	178.006	3.66048	4.4543	1.80178	

0.00646	11.9869	1.00035	0.0262493	0.0539975	-106.019	-0.220982	-5.09682	-73.5397	-0.00087967	-91.818	177.427	3.66051	4.45438	1.80183	

0.00648	11.9871	1.00035	0.0262537	0.0539976	-106.019	-0.220971	-5.09682	-73.5333	-0.00426819	-91.8122	176.901	3.66054	4.45445	1.80187	

0.0065	11.9872	1.00035	0.0262557	0.0539976	-106.019	-0.220929	-5.09682	-73.5274	-0.00473502	-91.8069	176.427	3.66057	4.45451	1.80191	

0.00652	11.9873	1.00035	0.0262563	0.0539976	-106.019	-0.220917	-5.09682	-73.5221	-0.00488796	-91.8022	175.999	3.66059	4.45457	1.80194	

0.00654	11.9874	1.00035	0.0262565	0.0539975	-106.019	-0.220915	-5.09681	-73.5174	-0.00499327	-91.7979	175.614	3.66061	4.45462	1.80197	

0.00656	11.9875	1.00035	0.0262565	0.0539973	-106.019	-0.220914	-5.09681	-73.5132	-0.00507924	-91.7941	175.269	3.66063	4.45467	1.802	

0.00658	11.9876	1.00035	0.0262565	0.0539972	-106.019	-0.220912	-5.09681	-73.5094	-0.00515118	-91.7907	174.961	3.66065	4.45471	1.80202	

0.0066	11.9876	1.00035	0.0262566	0.053997	-106.019	-0.220909	-5.0968	-73.506	-0.00521076	-91.7877	174.686	3.66066	4.45474	1.80204	

0.00662	11.9877	1.00035	0.0262566	0.0539969	-106.019	-0.220906	-5.09679	-73.503	-0.00525974	-91.785	174.441	3.66068	4.45477	1.80206	

0.00664	11.9878	1.00035	0.0262566	0.0539967	-106.019	-0.2209	-5.09678	-73.5003	-0.00529997	-91.7826	174.223	3.66069	4.4548	1.80208	

0.00666	11.9878	1.00035	0.0262565	0.0539965	-106.019	-0.220894	-5.09677	-73.4979	-0.00533297	-91.7804	174.03	3.6607	4.45483	1.80209	

0.00668	11.9879	1.00035	0.0262564	0.0539962	-106.019	-0.220886	-5.09676	-73.4959	-0.00536002	-91.7786	173.859	3.66071	4.45485	1.8021	

0.0067	11.9879	1.00035	0.0262563	0.053996	-106.019	-0.220878	-5.09675	-73.494	-0.00538213	-91.7769	173.708	3.66072	4.45487	1.80212	

0.00672	11.9879	1.00035	0.0262561	0.0539958	-106.019	-0.22087	-5.09674	-73.4924	-0.00540017	-91.7754	173.574	3.66073	4.45489	1.80213	

0.00674	11.988	1.00035	0.0262558	0.0539955	-106.019	-0.22086	-5.09673	-73.4909	-0.0054148	-91.7741	173.457	3.66073	4.4549	1.80214	

0.00676	11.988	1.00035	0.0262553	0.0539952	-106.019	-0.220849	-5.09671	-73.4897	-0.0054266	-91.773	173.354	3.66074	4.45492	1.80214	

0.00678	11.988	1.00035	0.0262547	0.0539948	-106.019	-0.220833	-5.0967	-73.4886	-0.005436	-91.772	173.263	3.66074	4.45493	1.80215	

0.0068	11.988	1.00035	0.0262538	0.0539944	-106.019	-0.220812	-5.09668	-73.4876	-0.00544339	-91.7711	173.183	3.66075	4.45494	1.80216	

0.00682	11.988	1.00035	0.0262528	0.053994	-106.019	-0.220783	-5.09666	-73.4867	-0.00544904	-91.7703	173.113	3.66075	4.45495	1.80216	

0.00684	11.9881	1.00035	0.0262514	0.0539936	-106.02	-0.220744	-5.09664	-73.486	-0.00545316	-91.7697	173.051	3.66076	4.45496	1.80217	

0.00686	11.9881	1.00035	0.0262497	0.0539931	-106.02	-0.22069	-5.09662	-73.4853	-0.00545588	-91.7691	172.997	3.66076	4.45496	1.80217	

0.00688	11.9881	1.00035	0.0262475	0.0539926	-106.02	-0.220616	-5.09659	-73.4847	-0.00545729	-91.7685	172.949	3.66076	4.45497	1.80217	

0.0069	11.9881	1.00035	0.0262447	0.053992	-106.02	-0.220516	-5.09657	-73.4842	-0.00545738	-91.7681	172.907	3.66076	4.45498	1.80218	

0.00692	11.9881	1.00035	0.0262412	0.0539913	-106.02	-0.220384	-5.09654	-73.4838	-0.00545612	-91.7677	172.87	3.66077	4.45498	1.80218	

0.00694	11.9881	1.00035	0.0262367	0.0539906	-106.02	-0.220211	-5.0965	-73.4834	-0.00545339	-91.7673	172.838	3.66077	4.45498	1.80218	

0.00696	11.9881	1.00035	0.026231	0.0539898	-106.02	-0.219985	-5.09647	-73.483	-0.00544901	-91.767	172.809	3.66077	4.45499	1.80219	

0.00698	11.9881	1.00035	0.0262237	0.053989	-106.02	-0.219694	-5.09643	-73.4827	-0.00544274	-91.7667	172.783	3.66077	4.45499	1.80219	

0.007	11.9881	1.00035	0.0262144	0.053988	-106.02	-0.219322	-5.09638	-73.4824	-0.00543422	-91.7664	172.76	3.66077	4.455	1.80219	

0.00702	11.9881	1.00035	0.0262025	0.0539869	-106.02	-0.218848	-5.09633	-73.4822	-0.00542301	-91.7662	172.74	3.66077	4.455	1.80219	

0.00704	11.9881	1.00035	0.0261873	0.0539856	-106.02	-0.218249	-5.09627	-73.4819	-0.00540853	-91.766	172.721	3.66077	4.455	1.80219	

0.00706	11.9882	1.00035	0.0261681	0.0539841	-106.02	-0.217493	-5.09621	-73.4817	-0.00539008	-91.7658	172.704	3.66078	4.455	1.80219	

0.00708	11.9882	1.00035	0.026144	0.0539824	-106.02	-0.216544	-5.09613	-73.4815	-0.00536674	-91.7657	172.688	3.66078	4.45501	1.80219	

0.0071	11.9882	1.00035	0.0261137	0.0539804	-106.02	-0.215358	-5.09604	-73.4814	-0.00533743	-91.7655	172.673	3.66078	4.45501	1.8022	

0.00712	11.9882	1.00035	0.0260759	0.0539781	-106.02	-0.21388	-5.09594	-73.4812	-0.00530084	-91.7654	172.658	3.66078	4.45501	1.8022	

0.00714	11.9882	1.00035	0.0260292	0.0539753	-106.02	-0.212047	-5.09581	-73.481	-0.00525537	-91.7652	172.644	3.66078	4.45501	1.8022	

0.00716	11.9882	1.00035	0.0259716	0.0539721	-106.02	-0.209782	-5.09567	-73.4809	-0.00519917	-91.7651	172.629	3.66078	4.45501	1.8022	

0.00718	11.9882	1.00035	0.025901	0.0539681	-106.02	-0.206997	-5.09549	-73.4807	-0.00513002	-91.7649	172.614	3.66078	4.45502	1.8022	

0.0072	11.9882	1.00036	0.025815	0.0539634	-106.02	-0.20359	-5.09528	-73.4805	-0.0050454	-91.7648	172.599	3.66078	4.45502	1.8022	

0.00722	11.9882	1.00036	0.025711	0.0539576	-106.02	-0.199442	-5.09503	-73.4803	-0.00494237	-91.7646	172.582	3.66078	4.45502	1.80221	

0.00724	11.9882	1.00036	0.0255857	0.0539507	-106.02	-0.194419	-5.09473	-73.4801	-0.00481762	-91.7644	172.563	3.66078	4.45503	1.80221	

0.00726	11.9882	1.00036	0.0254355	0.0539422	-106.02	-0.188373	-5.09436	-73.4799	-0.00466745	-91.7642	172.542	3.66079	4.45503	1.80221	

0.00728	11.9882	1.00036	0.0252567	0.0539319	-106.02	-0.181136	-5.09391	-73.4796	-0.00448772	-91.764	172.518	3.66079	4.45503	1.80221	

0.0073	11.9882	1.00037	0.0250447	0.0539194	-106.02	-0.172525	-5.09336	-73.4793	-0.00427392	-91.7637	172.491	3.66079	4.45504	1.80222	

0.00732	11.9882	1.00037	0.0247947	0.0539042	-106.02	-0.162343	-5.09269	-73.479	-0.00402114	-91.7635	172.46	3.66079	4.45504	1.80222	

0.00734	11.9882	1.00038	0.0245016	0.0538858	-106.021	-0.150366	-5.09188	-73.4786	-0.00372384	-91.7631	172.425	3.66079	4.45505	1.80222	

0.00736	11.9883	1.00038	0.02416	0.0538634	-106.021	-0.136352	-5.09089	-73.4782	-0.00337611	-91.7627	172.384	3.6608	4.45506	1.80223	

0.00738	11.9883	1.00039	0.0237634	0.0538363	-106.021	-0.120106	-5.08969	-73.4777	-0.00297312	-91.7623	172.338	3.6608	4.45507	1.80223	

0.0074	11.9883	1.00039	0.0233051	0.0538037	-106.021	-0.101368	-5.08825	-73.4771	-0.00250854	-91.7618	172.286	3.6608	4.45508	1.80224	

0.00742	11.9883	1.0004	0.0227825	0.0537643	-106.022	-0.0794871	-5.0865	-73.4765	-0.00196636	-91.7613	172.226	3.66081	4.45509	1.80225	

0.00744	11.9884	1.00041	0.0221901	0.0537171	-106.022	-0.054041	-5.0844	-73.4758	-0.0013363	-91.7606	172.158	3.66081	4.4551	1.80225	

0.00746	11.9884	1.00042	0.0214961	0.0536607	-106.022	-0.0277015	-5.08189	-73.475	-0.000684642	-91.7599	172.082	3.66082	4.45512	1.80226	

0.00748	11.9884	1.00043	0.0206655	0.0535936	-106.023	0.014108	-5.07889	-73.4741	0.000348466	-91.7591	171.994	3.66083	4.45513	1.80227	

0.0075	11.9885	1.00045	0.019472	0.0535141	-106.024	0.0666668	-5.07532	-73.4731	0.00164547	-91.758	171.884	3.66084	4.45515	1.80229	

0.00752	11.9885	1.00047	0.0180619	0.0534206	-106.024	0.117166	-5.07113	-73.4716	0.00288942	-91.7566	171.741	3.66085	4.45518	1.8023	

0.00754	11.9886	1.00049	0.016632	0.0533113	-106.025	0.174691	-5.0662	-73.47	0.00430372	-91.7549	171.574	3.66086	4.45521	1.80232	

0.00756	11.9886	1.0005	0.0151947	0.0531841	-106.026	0.236871	-5.06043	-73.4682	0.00582875	-91.753	171.397	3.66087	4.45524	1.80234	

0.00758	11.9887	1.00052	0.0136761	0.0530363	-106.027	0.303076	-5.0537	-73.4665	0.00744772	-91.7511	171.212	3.66088	4.45527	1.80235	

0.0076	11.9887	1.00054	0.0120335	0.0528653	-106.027	0.373925	-5.0459	-73.4647	0.00917425	-91.749	171.02	3.6609	4.4553	1.80237	

0.00762	11.9888	1.00056	0.0102556	0.0526684	-106.028	0.450188	-5.03688	-73.4629	0.0110252	-91.7467	170.817	3.66091	4.45533	1.80239	

0.00764	11.9889	1.00058	0.0083449	0.0524426	-106.029	0.532276	-5.02651	-73.461	0.0130082	-91.7443	170.601	3.66092	4.45537	1.80241	

0.00766	11.9889	1.0006	0.0063076	0.052185	-106.03	0.620212	-5.01463	-73.4591	0.0151209	-91.7416	170.374	3.66094	4.4554	1.80243	

0.00768	11.989	1.00062	0.00414855	0.0518927	-106.031	0.713851	-5.00111	-73.4571	0.0173562	-91.7387	170.136	3.66095	4.45544	1.80245	

0.0077	11.9891	1.00064	0.00187306	0.0515625	-106.032	0.812964	-4.98577	-73.4552	0.0197047	-91.7357	169.888	3.66097	4.45547	1.80247	

0.00772	11.9891	1.00066	-0.000511724	0.0511915	-106.033	0.91726	-4.96848	-73.4534	0.0221546	-91.7324	169.632	3.66099	4.45551	1.80249	

0.00774	11.9892	1.00068	-0.00299648	0.0507768	-106.033	1.02637	-4.94908	-73.4515	0.0246922	-91.7288	169.37	3.661	4.45555	1.80251	

0.00776	11.9893	1.0007	-0.00556974	0.0503156	-106.034	1.13984	-4.92743	-73.4498	0.027301	-91.7251	169.103	3.66102	4.45558	1.80253	

0.00778	11.9893	1.00071	-0.00821831	0.0498054	-106.035	1.25712	-4.9034	-73.4483	0.0299624	-91.7213	168.835	3.66103	4.45561	1.80254	

0.0078	11.9894	1.00073	-0.0109275	0.0492441	-106.036	1.37761	-4.87686	-73.4469	0.0326554	-91.7172	168.569	3.66105	4.45565	1.80256	

0.00782	11.9894	1.00074	-0.0136821	0.04863	-106.036	1.50063	-4.84772	-73.4457	0.0353577	-91.713	168.306	3.66106	4.45568	1.80257	

0.00784	11.9894	1.00074	-0.0164572	0.0479618	-106.037	1.62537	-4.8159	-73.4447	0.0380445	-91.7087	168.051	3.66108	4.4557	1.80258	

0.00786	11.9895	1.00075	-0.0192227	0.0472388	-106.037	1.75076	-4.78135	-73.444	0.0406847	-91.7044	167.808	3.66109	4.45573	1.80259	

0.00788	11.9895	1.00075	-0.0219609	0.0464611	-106.037	1.87574	-4.74404	-73.4436	0.043248	-91.7	167.58	3.6611	4.45575	1.8026	

0.0079	11.9895	1.00075	-0.0246593	0.0456293	-106.037	1.99945	-4.70399	-73.4434	0.0457105	-91.6957	167.369	3.66111	4.45576	1.8026	

0.00792	11.9895	1.00075	-0.0273031	0.0447449	-106.037	2.12117	-4.66126	-73.4436	0.0480521	-91.6914	167.178	3.66112	4.45577	1.8026	

0.00794	11.9895	1.00075	-0.0298781	0.0438103	-106.037	2.2402	-4.61593	-73.4441	0.0502548	-91.6872	167.01	3.66113	4.45578	1.8026	

0.00796	11.9895	1.00075	-0.0323714	0.0428287	-106.037	2.35592	-4.56814	-73.445	0.0523034	-91.6831	166.866	3.66113	4.45579	1.8026	

0.00798	11.9895	1.00074	-0.0347717	0.0418039	-106.036	2.46776	-4.51805	-73.4461	0.0541858	-91.6793	166.748	3.66114	4.45579	1.80259	

0.008	11.9895	1.00073	-0.037069	0.0407408	-106.036	2.57523	-4.4659	-73.4476	0.0558929	-91.6756	166.654	3.66114	4.45579	1.80258	

0.00802	11.9894	1.00072	-0.0392552	0.0396447	-106.036	2.67789	-4.41192	-73.4493	0.057419	-91.6722	166.586	3.66114	4.45579	1.80258	

0.00804	11.9894	1.00071	-0.0413238	0.0385219	-106.035	2.77541	-4.3564	-73.4513	0.0587616	-91.6691	166.543	3.66114	4.45579	1.80257	

0.00806	11.9894	1.0007	-0.0432703	0.0373789	-106.035	2.8675	-4.29968	-73.4535	0.0599216	-91.6661	166.523	3.66114	4.45578	1.80256	

0.00808	11.9893	1.00069	-0.0450914	0.0362252	-106.035	2.95399	-4.24211	-73.4559	0.0609032	-91.6635	166.525	3.66114	4.45577	1.80255	

0.0081	11.9893	1.00068	-0.0467859	0.0350737	-106.034	3.03476	-4.18418	-73.4584	0.0617149	-91.6611	166.547	3.66114	4.45576	1.80254	

0.00812	11.9893	1.00067	-0.0483539	0.0339332	-106.034	3.10977	-4.12643	-73.461	0.0623683	-91.6589	166.586	3.66114	4.45575	1.80253	

0.00814	11.9892	1.00066	-0.0497968	0.0328089	-106.033	3.17904	-4.06926	-73.4637	0.0628753	-91.6569	166.64	3.66113	4.45574	1.80252	

0.00816	11.9892	1.00065	-0.0511174	0.0317074	-106.033	3.24266	-4.01303	-73.4664	0.0632484	-91.6552	166.707	3.66113	4.45573	1.80251	

0.00818	11.9892	1.00064	-0.0523194	0.0306346	-106.032	3.30077	-3.95806	-73.469	0.0635011	-91.6537	166.783	3.66112	4.45571	1.8025	

0.0082	11.9891	1.00063	-0.0534077	0.0295963	-106.032	3.35357	-3.90466	-73.4716	0.0636473	-91.6525	166.868	3.66112	4.4557	1.80249	

0.00822	11.9891	1.00062	-0.0543877	0.0285974	-106.031	3.40128	-3.85309	-73.4742	0.0637012	-91.6514	166.959	3.66111	4.45569	1.80248	

0.00824	11.9891	1.00062	-0.0552655	0.0276421	-106.031	3.44416	-3.8036	-73.4767	0.0636766	-91.6505	167.054	3.66111	4.45568	1.80247	

0.00826	11.9891	1.00061	-0.0560476	0.0267339	-106.031	3.48249	-3.75638	-73.4791	0.0635869	-91.6498	167.151	3.6611	4.45567	1.80247	

0.00828	11.989	1.0006	-0.0567406	0.0258757	-106.03	3.51658	-3.7116	-73.4814	0.0634446	-91.6493	167.25	3.6611	4.45566	1.80246	

0.0083	11.989	1.0006	-0.0573516	0.0250694	-106.03	3.54673	-3.66938	-73.4836	0.0632614	-91.6488	167.347	3.66109	4.45565	1.80245	

0.00832	11.989	1.00059	-0.0578874	0.0243163	-106.03	3.57325	-3.62981	-73.4856	0.0630479	-91.6485	167.442	3.66109	4.45564	1.80245	

0.00834	11.989	1.00059	-0.0583549	0.023617	-106.03	3.59647	-3.59294	-73.4875	0.0628135	-91.6483	167.535	3.66108	4.45563	1.80244	

0.00836	11.989	1.00059	-0.0587605	0.0229713	-106.03	3.61668	-3.55878	-73.4892	0.0625664	-91.6481	167.623	3.66108	4.45562	1.80244	

0.00838	11.989	1.00058	-0.0591107	0.0223787	-106.029	3.63418	-3.52731	-73.4908	0.0623139	-91.6479	167.707	3.66107	4.45562	1.80244	

0.0084	11.989	1.00058	-0.0594114	0.0218377	-106.029	3.64926	-3.4985	-73.4922	0.0620617	-91.6479	167.785	3.66107	4.45561	1.80243	

0.00842	11.9889	1.00058	-0.0596683	0.0213467	-106.029	3.66219	-3.47226	-73.4935	0.0618148	-91.6478	167.859	3.66107	4.45561	1.80243	

0.00844	11.9889	1.00058	-0.0598867	0.0209037	-106.029	3.67321	-3.4485	-73.4947	0.061577	-91.6478	167.926	3.66106	4.4556	1.80243	

0.00846	11.9889	1.00058	-0.0600713	0.0205061	-106.029	3.68255	-3.42712	-73.4958	0.0613511	-91.6479	167.989	3.66106	4.4556	1.80243	

0.00848	11.9889	1.00058	-0.0602265	0.0201513	-106.029	3.69044	-3.40798	-73.4968	0.0611393	-91.6479	168.045	3.66106	4.45559	1.80243	

0.0085	11.9889	1.00057	-0.0603564	0.0198365	-106.029	3.69706	-3.39093	-73.4977	0.0609429	-91.648	168.097	3.66106	4.45559	1.80243	

0.00852	11.9889	1.00057	-0.0604645	0.0195587	-106.029	3.70259	-3.37585	-73.4984	0.0607627	-91.6481	168.144	3.66106	4.45559	1.80243	

0.00854	11.9889	1.00057	-0.0605539	0.019315	-106.029	3.70718	-3.36257	-73.4991	0.0605988	-91.6482	168.185	3.66105	4.45559	1.80242	

0.00856	11.9889	1.00057	-0.0606277	0.0191023	-106.029	3.71097	-3.35095	-73.4997	0.0604512	-91.6483	168.222	3.66105	4.45558	1.80242	

0.00858	11.9889	1.00057	-0.060688	0.0189178	-106.029	3.71408	-3.34083	-73.5001	0.0603194	-91.6483	168.255	3.66105	4.45558	1.80242	

0.0086	11.9889	1.00057	-0.0607373	0.0187586	-106.028	3.71662	-3.33207	-73.5005	0.0602025	-91.6484	168.284	3.66105	4.45558	1.80242	

0.00862	11.9889	1.00057	-0.0607771	0.018622	-106.028	3.71869	-3.32453	-73.5008	0.0600998	-91.6484	168.309	3.66105	4.45558	1.80242	

0.00864	11.9889	1.00057	-0.0608093	0.0185054	-106.028	3.72036	-3.31807	-73.5011	0.0600101	-91.6484	168.331	3.66105	4.45558	1.80242	

0.00866	11.9889	1.00057	-0.0608351	0.0184064	-106.028	3.7217	-3.31258	-73.5014	0.0599325	-91.6484	168.349	3.66105	4.45557	1.80242	

0.00868	11.9889	1.00057	-0.0608556	0.0183229	-106.028	3.72278	-3.30793	-73.5016	0.0598657	-91.6484	168.365	3.66105	4.45557	1.80242	

0.0087	11.9889	1.00057	-0.0608718	0.0182528	-106.028	3.72363	-3.30401	-73.5018	0.0598087	-91.6485	168.379	3.66104	4.45557	1.80242	

0.00872	11.9889	1.00057	-0.0608845	0.0181943	-106.028	3.72431	-3.30074	-73.502	0.0597604	-91.6486	168.391	3.66104	4.45557	1.80242	

0.00874	11.9889	1.00056	-0.0608945	0.0181457	-106.028	3.72485	-3.29802	-73.5021	0.0597196	-91.6486	168.402	3.66104	4.45557	1.80242	

0.00876	11.9889	1.00056	-0.0609023	0.0181057	-106.028	3.72526	-3.29576	-73.5023	0.0596854	-91.6487	168.411	3.66104	4.45557	1.80242	

0.00878	11.9889	1.00056	-0.0609083	0.0180728	-106.028	3.72558	-3.2939	-73.5023	0.0596569	-91.6486	168.419	3.66104	4.45557	1.80242	

0.0088	11.9889	1.00056	-0.060913	0.018046	-106.028	3.72582	-3.29237	-73.5023	0.0596333	-91.6486	168.425	3.66104	4.45557	1.80242	

0.00882	11.9889	1.00056	-0.0609166	0.0180243	-106.027	3.726	-3.29113	-73.5023	0.0596138	-91.6485	168.43	3.66104	4.45557	1.80242	

0.00884	11.9889	1.00056	-0.0609193	0.0180068	-106.027	3.72614	-3.29012	-73.5022	0.0595978	-91.6484	168.435	3.66104	4.45556	1.80242	

0.00886	11.9889	1.00056	-0.0609213	0.0179928	-106.027	3.72624	-3.28931	-73.5022	0.0595849	-91.6483	168.439	3.66104	4.45556	1.80242	

0.00888	11.9889	1.00056	-0.0609228	0.0179815	-106.027	3.72632	-3.28866	-73.5021	0.0595745	-91.6482	168.441	3.66104	4.45556	1.80242	

0.0089	11.9889	1.00056	-0.0609238	0.0179726	-106.027	3.72638	-3.28815	-73.5021	0.0595662	-91.6482	168.443	3.66104	4.45556	1.80242	

0.00892	11.9889	1.00056	-0.0609245	0.0179655	-106.027	3.72643	-3.28775	-73.5022	0.0595597	-91.6483	168.445	3.66104	4.45556	1.80242	

0.00894	11.9889	1.00055	-0.0609249	0.0179599	-106.027	3.72647	-3.28744	-73.5023	0.0595546	-91.6484	168.448	3.66104	4.45556	1.80242	

0.00896	11.9889	1.00055	-0.0609252	0.0179555	-106.027	3.72649	-3.28719	-73.5024	0.0595505	-91.6484	168.451	3.66104	4.45556	1.80242	

0.00898	11.9889	1.00055	-0.0609255	0.0179521	-106.027	3.7265	-3.287	-73.5024	0.0595472	-91.6484	168.454	3.66104	4.45556	1.80242	

0.009	11.9889	1.00055	-0.0609257	0.0179496	-106.027	3.72651	-3.28684	-73.5023	0.0595445	-91.6483	168.456	3.66104	4.45556	1.80241	

0.00902	11.9889	1.00055	-0.0609258	0.0179476	-106.026	3.7265	-3.28671	-73.5021	0.0595423	-91.6481	168.458	3.66104	4.45556	1.80241	

0.00904	11.9889	1.00055	-0.0609259	0.0179462	-106.026	3.72649	-3.28661	-73.502	0.0595405	-91.6479	168.459	3.66104	4.45555	1.80241	

0.00906	11.9889	1.00055	-0.060926	0.0179451	-106.025	3.72648	-3.28653	-73.5018	0.0595391	-91.6477	168.46	3.66103	4.45555	1.80241	

0.00908	11.9889	1.00055	-0.060926	0.0179443	-106.025	3.72647	-3.28647	-73.5016	0.059538	-91.6475	168.461	3.66103	4.45555	1.80241	

0.0091	11.9889	1.00055	-0.0609259	0.0179436	-106.025	3.72646	-3.28642	-73.5015	0.0595371	-91.6474	168.461	3.66103	4.45555	1.80241	

0.00912	11.9889	1.00054	-0.0609258	0.017943	-106.025	3.72646	-3.28639	-73.5015	0.0595366	-91.6474	168.461	3.66103	4.45555	1.80241	

0.00914	11.9889	1.00054	-0.0609256	0.0179424	-106.025	3.72647	-3.28638	-73.5016	0.0595364	-91.6475	168.461	3.66103	4.45555	1.80241	

0.00916	11.9889	1.00053	-0.0609253	0.0179419	-106.025	3.72647	-3.28637	-73.5018	0.0595362	-91.6477	168.462	3.66103	4.45555	1.80241	

0.00918	11.9889	1.00052	-0.0609251	0.0179415	-106.025	3.72648	-3.28636	-73.5019	0.059536	-91.6478	168.465	3.66103	4.45555	1.80241	

0.0092	11.9889	1.00052	-0.0609249	0.0179413	-106.025	3.72647	-3.28635	-73.5018	0.0595357	-91.6477	168.467	3.66103	4.45555	1.80241	

0.00922	11.9889	1.00052	-0.0609249	0.0179411	-106.025	3.72645	-3.28633	-73.5016	0.0595353	-91.6475	168.468	3.66103	4.45555	1.80241	

0.00924	11.9888	1.00052	-0.0609249	0.0179411	-106.024	3.72642	-3.2863	-73.5014	0.0595346	-91.6472	168.47	3.66103	4.45554	1.8024	

0.00926	11.9888	1.00053	-0.060925	0.0179412	-106.023	3.72639	-3.28626	-73.501	0.0595339	-91.6468	168.472	3.66103	4.45553	1.8024	

0.00928	11.9888	1.00053	-0.060925	0.0179412	-106.022	3.72636	-3.28623	-73.5007	0.0595332	-91.6464	168.474	3.66102	4.45553	1.8024	

0.0093	11.9888	1.00053	-0.060925	0.0179411	-106.021	3.72633	-3.2862	-73.5003	0.0595326	-91.646	168.475	3.66102	4.45552	1.80239	

0.00932	11.9888	1.00052	-0.0609247	0.0179408	-106.02	3.72631	-3.28619	-73.5001	0.0595322	-91.6457	168.474	3.66102	4.45552	1.80239	

0.00934	11.9888	1.0005	-0.0609241	0.0179402	-106.02	3.7263	-3.28617	-73.4999	0.059532	-91.6455	168.474	3.66102	4.45552	1.80239	

0.00936	11.9888	1.00048	-0.060923	0.0179393	-106.019	3.72627	-3.28615	-73.4996	0.0595315	-91.6451	168.478	3.66102	4.45551	1.80239	

0.00938	11.9888	1.00043	-0.0609214	0.0179379	-106.017	3.72618	-3.28607	-73.4987	0.0595299	-91.6441	168.49	3.66101	4.45549	1.80237	

0.0094	11.9887	1.00035	-0.0609188	0.0179356	-106.01	3.72597	-3.28588	-73.4966	0.0595258	-91.6416	168.517	3.66099	4.45545	1.80235	

0.00942	11.9885	1.00021	-0.0609139	0.0179313	-105.997	3.72551	-3.28546	-73.492	0.059517	-91.6361	168.574	3.66095	4.45535	1.80229	

0.00944	11.9881	0.999925	-0.0609041	0.0179229	-105.969	3.72457	-3.28461	-73.4824	0.0594992	-91.6247	168.685	3.66087	4.45516	1.80218	

0.00946	11.9874	0.999347	-0.0608841	0.0179056	-105.913	3.72269	-3.28291	-73.463	0.0594637	-91.6016	168.902	3.6607	4.45477	1.80196	

0.00948	11.9859	0.998163	-0.060843	0.01787	-105.8	3.71893	-3.27953	-73.4237	0.0593931	-91.555	169.325	3.66037	4.454	1.8015	

0.0095	11.9828	0.995735	-0.0607584	0.017797	-105.573	3.71136	-3.27271	-73.3446	0.059251	-91.4611	170.183	3.6597	4.45243	1.80059	

0.00952	11.9766	0.990802	-0.060587	0.0176489	-105.112	3.69601	-3.25886	-73.1837	0.0589625	-91.2702	171.908	3.65834	4.44924	1.79873	

0.00954	11.9641	0.980724	-0.0602366	0.0173465	-104.189	3.66517	-3.23106	-72.8608	0.0583831	-90.8867	175.384	3.65559	4.44281	1.79498	

0.00956	11.939	0.960463	-0.0595333	0.0167404	-102.349	3.60364	-3.17561	-72.2124	0.0572278	-90.1167	182.209	3.65007	4.42989	1.78744	

0.00958	11.8896	0.920966	-0.0581708	0.0155656	-98.8042	3.48535	-3.06904	-70.9346	0.0550134	-88.6014	194.326	3.63927	4.40462	1.77269	

0.0096	11.798	0.847253	-0.0556578	0.0133979	-92.4496	3.27453	-2.87911	-68.551	0.0510906	-85.781	213.02	3.61934	4.35796	1.74547	

0.00962	11.6402	0.721337	-0.0514147	0.00973941	-82.1495	2.93714	-2.57532	-64.4041	0.044886	-80.8945	234.508	3.58539	4.27848	1.6991	

0.00964	11.4059	0.542199	-0.04566	0.00473032	-68.0769	2.49093	-2.17363	-58.0223	0.0368269	-73.4452	237.905	3.53582	4.16245	1.63139	

0.00966	11.1293	0.357066	-0.0400792	-0.000273764	-53.0928	2.04138	-1.76854	-50.1887	0.0289266	-64.3997	195.782	3.4786	4.0285	1.55323	

0.00968	10.8828	0.213527	-0.0359684	-0.00411281	-41.3349	1.70219	-1.46177	-43.3136	0.0231292	-56.4899	123.158	3.42878	3.91187	1.48517	

0.0097	10.7016	0.118003	-0.0333042	-0.00667657	-33.7884	1.48525	-1.26483	-38.5933	0.0195068	-51.0374	60.1791	3.39289	3.82784	1.43614	

0.00972	10.5859	0.0619366	-0.0317501	-0.00821117	-29.4891	1.35944	-1.15015	-35.8034	0.0174382	-47.7922	23.746	3.37027	3.77489	1.40524	

0.00974	10.5189	0.0315593	-0.0309021	-0.00906652	-27.2026	1.29082	-1.08729	-34.294	0.016318	-46.0238	8.0312	3.35729	3.74451	1.38751	

0.00976	10.4826	0.0158299	-0.0304574	-0.00952249	-26.0308	1.2548	-1.05411	-33.5154	0.0157307	-45.1062	2.44994	3.35029	3.72812	1.37794	

0.00978	10.4636	0.00787708	-0.0302295	-0.00975885	-25.4414	1.23634	-1.03702	-33.1232	0.0154291	-44.642	0.695057	3.34666	3.71961	1.37298	

0.0098	10.454	0.00390421	-0.0301145	-0.00987922	-25.1476	1.22702	-1.02835	-32.9278	0.0152763	-44.4101	0.185541	3.34481	3.71529	1.37045	

0.00982	10.4492	0.00193132	-0.0300569	-0.00993983	-25.002	1.22235	-1.024	-32.831	0.0151995	-44.295	0.0462225	3.34389	3.71312	1.36919	

0.00984	10.4468	0.000954457	-0.0300282	-0.00997012	-24.9299	1.22003	-1.02182	-32.7831	0.0151612	-44.238	0.0102715	3.34343	3.71205	1.36856	

0.00986	10.4456	0.000471469	-0.0300139	-0.0099852	-24.8943	1.21888	-1.02074	-32.7594	0.0151422	-44.2098	0.00169618	3.3432	3.71151	1.36825	

0.00988	10.445	0.000232827	-0.0300069	-0.00999268	-24.8767	1.21831	-1.02021	-32.7478	0.0151328	-44.1959	-5.23692e-05	3.34308	3.71125	1.36809	

0.0099	10.4447	0.000114922	-0.0300034	-0.00999638	-24.868	1.21803	-1.01994	-32.742	0.0151281	-44.189	-0.000257151	3.34303	3.71112	1.36802	

0.00992	10.4446	5.65579e-05	-0.0300017	-0.00999822	-24.8637	1.21789	-1.01981	-32.7391	0.0151258	-44.1857	-0.000186439	3.343	3.71105	1.36798	

0.00994	10.4445	2.74461e-05	-0.0300008	-0.00999913	-24.8616	1.21782	-1.01975	-32.7377	0.0151246	-44.184	-0.000106728	3.34299	3.71102	1.36796	

0.00996	10.4445	1.2916e-05	-0.0300004	-0.00999959	-24.8605	1.21779	-1.01972	-32.737	0.0151241	-44.1832	-5.5587e-05	3.34298	3.711	1.36795	

0.00998	10.4445	6.98076e-06	-0.0300002	-0.00999978	-24.8601	1.21777	-1.0197	-32.7367	0.0151238	-44.1828	-3.1048e-05	3.34298	3.711	1.36795	

