 	density	u_1	u_2	u_3	sigma_11	sigma_12	sigma_13	sigma_22	sigma_23	sigma_33	I1	I2	I3	dI_1	dI_2	dI_3
0	10.4444	2	0	0.1	-24.9244	-0.75146	-1.49093	-32.8305	2.21533	-44.3547	-3.1608e-12	3.34353	3.71154	1.36794	

5e-05	10.4444	2	0	0.1	-24.9244	-0.75146	-1.49093	-32.8305	2.21533	-44.3547	-3.1608e-12	3.34353	3.71154	1.36794	

0.0001	10.4444	2	0	0.1	-24.9244	-0.75146	-1.49093	-32.8305	2.21533	-44.3547	-3.1608e-12	3.34353	3.71154	1.36794	

0.00015	10.4444	2	0	0.1	-24.9244	-0.75146	-1.49093	-32.8305	2.21533	-44.3547	-3.1608e-12	3.34353	3.71154	1.36794	

0.0002	10.4444	2	0	0.1	-24.9244	-0.75146	-1.49093	-32.8305	2.21533	-44.3547	-3.1608e-12	3.34353	3.71154	1.36794	

0.00025	10.4444	2	0	0.1	-24.9244	-0.75146	-1.49093	-32.8305	2.21533	-44.3547	-3.1608e-12	3.34353	3.71154	1.36794	

0.0003	10.4444	2	0	0.1	-24.9244	-0.75146	-1.49093	-32.8305	2.21533	-44.3547	-3.1608e-12	3.34353	3.71154	1.36794	

0.00035	10.4444	2	0	0.1	-24.9244	-0.75146	-1.49093	-32.8305	2.21533	-44.3547	-3.1608e-12	3.34353	3.71154	1.36794	

0.0004	10.4444	2	0	0.1	-24.9244	-0.75146	-1.49093	-32.8305	2.21533	-44.3547	-3.1608e-12	3.34353	3.71154	1.36794	

0.00045	10.4444	2	0	0.1	-24.9244	-0.75146	-1.49093	-32.8305	2.21533	-44.3547	-3.1608e-12	3.34353	3.71154	1.36794	

0.0005	10.4444	2	0	0.1	-24.9244	-0.75146	-1.49093	-32.8305	2.21533	-44.3547	-3.1608e-12	3.34353	3.71154	1.36794	

0.00055	10.4444	2	0	0.1	-24.9244	-0.75146	-1.49093	-32.8305	2.21533	-44.3547	-3.1608e-12	3.34353	3.71154	1.36794	

0.0006	10.4444	2	0	0.1	-24.9244	-0.75146	-1.49093	-32.8305	2.21533	-44.3547	-3.1608e-12	3.34353	3.71154	1.36794	

0.00065	10.4444	2	0	0.1	-24.9244	-0.75146	-1.49093	-32.8305	2.21533	-44.3547	-3.1608e-12	3.34353	3.71154	1.36794	

0.0007	10.4444	2	0	0.1	-24.9244	-0.75146	-1.49093	-32.8305	2.21533	-44.3547	-3.1608e-12	3.34353	3.71154	1.36794	

0.00075	10.4444	2	0	0.1	-24.9244	-0.75146	-1.49093	-32.8305	2.21533	-44.3547	-3.1608e-12	3.34353	3.71154	1.36794	

0.0008	10.4444	2	0	0.1	-24.9244	-0.75146	-1.49093	-32.8305	2.21533	-44.3547	-3.1608e-12	3.34353	3.71154	1.36794	

0.00085	10.4444	2	0	0.1	-24.9244	-0.75146	-1.49093	-32.8305	2.21533	-44.3547	-3.1608e-12	3.34353	3.71154	1.36794	

0.0009	10.4444	2	0	0.1	-24.9244	-0.75146	-1.49093	-32.8305	2.21533	-44.3547	-3.1608e-12	3.34353	3.71154	1.36794	

0.00095	10.4444	2	0	0.1	-24.9244	-0.75146	-1.49093	-32.8305	2.21533	-44.3547	-3.1608e-12	3.34353	3.71154	1.36794	

0.001	10.4444	2	0	0.1	-24.9244	-0.75146	-1.49093	-32.8305	2.21533	-44.3547	-3.1608e-12	3.34353	3.71154	1.36794	

0.00105	10.4444	2	0	0.1	-24.9244	-0.75146	-1.49093	-32.8305	2.21533	-44.3547	-3.1608e-12	3.34353	3.71154	1.36794	

0.0011	10.4444	2	0	0.1	-24.9244	-0.75146	-1.49093	-32.8305	2.21533	-44.3547	-3.1608e-12	3.34353	3.71154	1.36794	

0.00115	10.4444	2	0	0.1	-24.9244	-0.75146	-1.49093	-32.8305	2.21533	-44.3547	-3.1608e-12	3.34353	3.71154	1.36794	

0.0012	10.4444	2	0	0.1	-24.9244	-0.75146	-1.49093	-32.8305	2.21533	-44.3547	-3.1608e-12	3.34353	3.71154	1.36794	

0.00125	10.4444	2	0	0.1	-24.9244	-0.75146	-1.49093	-32.8305	2.21533	-44.3547	-3.1608e-12	3.34353	3.71154	1.36794	

0.0013	10.4444	2	0	0.1	-24.9244	-0.75146	-1.49093	-32.8305	2.21533	-44.3547	-3.1608e-12	3.34353	3.71154	1.36794	

0.00135	10.4444	2	0	0.1	-24.9244	-0.75146	-1.49093	-32.8305	2.21533	-44.3547	-3.1608e-12	3.34353	3.71154	1.36794	

0.0014	10.4444	2	0	0.1	-24.9244	-0.75146	-1.49093	-32.8305	2.21533	-44.3547	-3.1608e-12	3.34353	3.71154	1.36794	

0.00145	10.4444	2	0	0.1	-24.9244	-0.75146	-1.49093	-32.8305	2.21533	-44.3547	-3.1608e-12	3.34353	3.71154	1.36794	

0.0015	10.4444	2	0	0.1	-24.9244	-0.75146	-1.49093	-32.8305	2.21533	-44.3547	-3.1608e-12	3.34353	3.71154	1.36794	

0.00155	10.4444	2	0	0.1	-24.9244	-0.75146	-1.49093	-32.8305	2.21533	-44.3547	-3.1608e-12	3.34353	3.71154	1.36794	

0.0016	10.4444	2	0	0.1	-24.9244	-0.75146	-1.49093	-32.8305	2.21533	-44.3547	-3.1608e-12	3.34353	3.71154	1.36794	

0.00165	10.4444	2	0	0.1	-24.9244	-0.75146	-1.49093	-32.8305	2.21533	-44.3547	-3.1608e-12	3.34353	3.71154	1.36794	

0.0017	10.4444	2	0	0.1	-24.9244	-0.75146	-1.49093	-32.8305	2.21533	-44.3547	-3.1608e-12	3.34353	3.71154	1.36794	

0.00175	10.4444	2	0	0.1	-24.9244	-0.75146	-1.49093	-32.8305	2.21533	-44.3547	-3.1608e-12	3.34353	3.71154	1.36794	

0.0018	10.4444	2	0	0.1	-24.9244	-0.75146	-1.49093	-32.8305	2.21533	-44.3547	-3.1608e-12	3.34353	3.71154	1.36794	

0.00185	10.4444	2	0	0.1	-24.9244	-0.75146	-1.49093	-32.8305	2.21533	-44.3547	-3.1608e-12	3.34353	3.71154	1.36794	

0.0019	10.4444	2	0	0.1	-24.9244	-0.75146	-1.49093	-32.8305	2.21533	-44.3547	-3.1608e-12	3.34353	3.71154	1.36794	

0.00195	10.4444	2	0	0.1	-24.9244	-0.75146	-1.49093	-32.8305	2.21533	-44.3547	-3.1608e-12	3.34353	3.71154	1.36794	

0.002	10.4444	2	0	0.1	-24.9244	-0.75146	-1.49093	-32.8305	2.21533	-44.3547	-3.1608e-12	3.34353	3.71154	1.36794	

0.00205	10.4444	2	0	0.1	-24.9244	-0.75146	-1.49093	-32.8305	2.21533	-44.3547	-3.1608e-12	3.34353	3.71154	1.36794	

0.0021	10.4444	2	0	0.1	-24.9244	-0.75146	-1.49093	-32.8305	2.21533	-44.3547	-3.1608e-12	3.34353	3.71154	1.36794	

0.00215	10.4444	2	0	0.1	-24.9244	-0.75146	-1.49093	-32.8305	2.21533	-44.3547	-3.1608e-12	3.34353	3.71154	1.36794	

0.0022	10.4444	2	0	0.1	-24.9244	-0.75146	-1.49093	-32.8305	2.21533	-44.3547	-3.1608e-12	3.34353	3.71154	1.36794	

0.00225	10.4444	2	0	0.1	-24.9244	-0.75146	-1.49093	-32.8305	2.21533	-44.3547	-3.1608e-12	3.34353	3.71154	1.36794	

0.0023	10.4444	2	0	0.1	-24.9244	-0.75146	-1.49093	-32.8305	2.21533	-44.3547	-3.1608e-12	3.34353	3.71154	1.36794	

0.00235	10.4444	2	0	0.1	-24.9244	-0.75146	-1.49093	-32.8305	2.21533	-44.3547	-3.1608e-12	3.34353	3.71154	1.36794	

0.0024	10.4444	2	0	0.1	-24.9244	-0.75146	-1.49093	-32.8305	2.21533	-44.3547	-3.1608e-12	3.34353	3.71154	1.36794	

0.00245	10.4444	2	0	0.1	-24.9244	-0.75146	-1.49093	-32.8305	2.21533	-44.3547	-3.1608e-12	3.34353	3.71154	1.36794	

0.0025	10.4444	2	0	0.1	-24.9244	-0.75146	-1.49093	-32.8305	2.21533	-44.3547	-3.1608e-12	3.34353	3.71154	1.36794	

0.00255	10.4444	2	0	0.1	-24.9244	-0.75146	-1.49093	-32.8305	2.21533	-44.3547	-3.1608e-12	3.34353	3.71154	1.36794	

0.0026	10.4444	2	0	0.1	-24.9244	-0.75146	-1.49093	-32.8305	2.21533	-44.3547	-3.1608e-12	3.34353	3.71154	1.36794	

0.00265	10.4444	2	0	0.1	-24.9244	-0.75146	-1.49093	-32.8305	2.21533	-44.3547	-3.1608e-12	3.34353	3.71154	1.36794	

0.0027	10.4444	2	0	0.1	-24.9244	-0.75146	-1.49093	-32.8305	2.21533	-44.3547	-3.1608e-12	3.34353	3.71154	1.36794	

0.00275	10.4444	2	0	0.1	-24.9244	-0.75146	-1.49093	-32.8305	2.21533	-44.3547	-3.1608e-12	3.34353	3.71154	1.36794	

0.0028	10.4444	2	0	0.1	-24.9244	-0.75146	-1.49093	-32.8305	2.21533	-44.3547	-3.1608e-12	3.34353	3.71154	1.36794	

0.00285	10.4444	2	0	0.1	-24.9244	-0.75146	-1.49093	-32.8305	2.21533	-44.3547	-3.1608e-12	3.34353	3.71154	1.36794	

0.0029	10.4444	2	0	0.1	-24.9244	-0.75146	-1.49093	-32.8305	2.21533	-44.3547	-3.1608e-12	3.34353	3.71154	1.36794	

0.00295	10.4444	2	0	0.1	-24.9244	-0.75146	-1.49093	-32.8305	2.21533	-44.3547	-3.1608e-12	3.34353	3.71154	1.36794	

0.003	10.4444	2	0	0.1	-24.9244	-0.75146	-1.49093	-32.8305	2.21533	-44.3547	-3.1608e-12	3.34353	3.71154	1.36794	

0.00305	10.4444	2	0	0.1	-24.9244	-0.75146	-1.49093	-32.8305	2.21533	-44.3547	-3.1608e-12	3.34353	3.71154	1.36794	

0.0031	10.4444	2	0	0.1	-24.9244	-0.75146	-1.49093	-32.8305	2.21533	-44.3547	-3.1608e-12	3.34353	3.71154	1.36794	

0.00315	10.4444	2	0	0.1	-24.9244	-0.75146	-1.49093	-32.8305	2.21533	-44.3547	-3.1608e-12	3.34353	3.71154	1.36794	

0.0032	10.4444	2	0	0.1	-24.9244	-0.75146	-1.49093	-32.8305	2.21533	-44.3547	-3.1608e-12	3.34353	3.71154	1.36794	

0.00325	10.4444	2	0	0.1	-24.9244	-0.75146	-1.49093	-32.8305	2.21533	-44.3547	-3.1608e-12	3.34353	3.71154	1.36794	

0.0033	10.4444	2	0	0.1	-24.9244	-0.75146	-1.49093	-32.8305	2.21533	-44.3547	-3.1608e-12	3.34353	3.71154	1.36794	

0.00335	10.4444	2	0	0.1	-24.9244	-0.75146	-1.49093	-32.8305	2.21533	-44.3547	-3.1608e-12	3.34353	3.71154	1.36794	

0.0034	10.4444	2	0	0.1	-24.9244	-0.75146	-1.49093	-32.8305	2.21533	-44.3547	-3.1608e-12	3.34353	3.71154	1.36794	

0.00345	10.4444	2	0	0.1	-24.9244	-0.75146	-1.49093	-32.8305	2.21533	-44.3547	-3.1608e-12	3.34353	3.71154	1.36794	

0.0035	10.4444	2	0	0.1	-24.9244	-0.75146	-1.49093	-32.8305	2.21533	-44.3547	-3.1608e-12	3.34353	3.71154	1.36794	

0.00355	10.4444	2	0	0.1	-24.9244	-0.75146	-1.49093	-32.8305	2.21533	-44.3547	-3.1608e-12	3.34353	3.71154	1.36794	

0.0036	10.4444	2	0	0.1	-24.9244	-0.75146	-1.49093	-32.8305	2.21533	-44.3547	-3.1608e-12	3.34353	3.71154	1.36794	

0.00365	10.4444	2	0	0.1	-24.9244	-0.75146	-1.49093	-32.8305	2.21533	-44.3547	-3.1608e-12	3.34353	3.71154	1.36794	

0.0037	10.4444	2	0	0.1	-24.9244	-0.75146	-1.49093	-32.8305	2.21533	-44.3547	-3.1608e-12	3.34353	3.71154	1.36794	

0.00375	10.4444	2	0	0.1	-24.9244	-0.75146	-1.49093	-32.8305	2.21533	-44.3547	-3.1608e-12	3.34353	3.71154	1.36794	

0.0038	10.4444	2	0	0.1	-24.9244	-0.75146	-1.49093	-32.8305	2.21533	-44.3547	-3.1608e-12	3.34353	3.71154	1.36794	

0.00385	10.4444	2	0	0.1	-24.9244	-0.75146	-1.49093	-32.8305	2.21533	-44.3547	-3.1608e-12	3.34353	3.71154	1.36794	

0.0039	10.4444	2	0	0.1	-24.9244	-0.75146	-1.49093	-32.8305	2.21533	-44.3547	-3.1608e-12	3.34353	3.71154	1.36794	

0.00395	10.4444	2	0	0.1	-24.9244	-0.75146	-1.49093	-32.8305	2.21533	-44.3547	-3.1608e-12	3.34353	3.71154	1.36794	

0.004	10.4444	2	0	0.1	-24.9244	-0.75146	-1.49093	-32.8305	2.21533	-44.3547	-3.1608e-12	3.34353	3.71154	1.36794	

0.00405	10.4444	2	0	0.1	-24.9244	-0.75146	-1.49093	-32.8305	2.21533	-44.3547	-3.1608e-12	3.34353	3.71154	1.36794	

0.0041	10.4444	2	0	0.1	-24.9244	-0.75146	-1.49093	-32.8305	2.21533	-44.3547	-3.1608e-12	3.34353	3.71154	1.36794	

0.00415	10.4444	2	0	0.1	-24.9244	-0.75146	-1.49093	-32.8305	2.21533	-44.3547	-3.1608e-12	3.34353	3.71154	1.36794	

0.0042	10.4444	2	0	0.1	-24.9244	-0.75146	-1.49093	-32.8305	2.21533	-44.3547	-3.1608e-12	3.34353	3.71154	1.36794	

0.00425	10.4444	2	0	0.1	-24.9244	-0.75146	-1.49093	-32.8305	2.21533	-44.3547	-3.1608e-12	3.34353	3.71154	1.36794	

0.0043	10.4444	2	0	0.1	-24.9244	-0.75146	-1.49093	-32.8305	2.21533	-44.3547	-3.1608e-12	3.34353	3.71154	1.36794	

0.00435	10.4444	2	0	0.1	-24.9244	-0.75146	-1.49093	-32.8305	2.21533	-44.3547	-3.1608e-12	3.34353	3.71154	1.36794	

0.0044	10.4444	2	0	0.1	-24.9244	-0.75146	-1.49093	-32.8305	2.21533	-44.3547	-3.1608e-12	3.34353	3.71154	1.36794	

0.00445	10.4444	2	0	0.1	-24.9244	-0.75146	-1.49093	-32.8305	2.21533	-44.3547	-3.1608e-12	3.34353	3.71154	1.36794	

0.0045	10.4444	2	0	0.1	-24.9244	-0.75146	-1.49093	-32.8305	2.21533	-44.3547	-3.1608e-12	3.34353	3.71154	1.36794	

0.00455	10.4444	2	0	0.1	-24.9244	-0.75146	-1.49093	-32.8305	2.21533	-44.3547	-3.1608e-12	3.34353	3.71154	1.36794	

0.0046	10.4444	2	0	0.1	-24.9244	-0.75146	-1.49093	-32.8305	2.21533	-44.3547	-3.1608e-12	3.34353	3.71154	1.36794	

0.00465	10.4444	2	0	0.1	-24.9244	-0.75146	-1.49093	-32.8305	2.21533	-44.3547	-3.1608e-12	3.34353	3.71154	1.36794	

0.0047	10.4444	2	0	0.1	-24.9244	-0.75146	-1.49093	-32.8305	2.21533	-44.3547	-3.1608e-12	3.34353	3.71154	1.36794	

0.00475	10.4444	2	0	0.1	-24.9244	-0.75146	-1.49093	-32.8305	2.21533	-44.3547	-3.1608e-12	3.34353	3.71154	1.36794	

0.0048	10.4444	2	0	0.1	-24.9244	-0.75146	-1.49093	-32.8305	2.21533	-44.3547	-3.1608e-12	3.34353	3.71154	1.36794	

0.00485	10.4444	2	0	0.1	-24.9244	-0.75146	-1.49093	-32.8305	2.21533	-44.3547	-3.1608e-12	3.34353	3.71154	1.36794	

0.0049	10.4444	2	0	0.1	-24.9244	-0.75146	-1.49093	-32.8305	2.21533	-44.3547	-3.1608e-12	3.34353	3.71154	1.36794	

0.00495	10.4444	2	0	0.1	-24.9244	-0.75146	-1.49093	-32.8305	2.21533	-44.3547	-3.1608e-12	3.34353	3.71154	1.36794	

0.005	10.4444	0	-0.03	-0.01	-24.8595	1.21775	-1.01968	-32.7364	0.0151235	-44.1823	2.25153e-12	3.34297	3.71099	1.36794	

0.00505	10.4444	0	-0.03	-0.01	-24.8595	1.21775	-1.01968	-32.7364	0.0151235	-44.1823	2.25153e-12	3.34297	3.71099	1.36794	

0.0051	10.4444	0	-0.03	-0.01	-24.8595	1.21775	-1.01968	-32.7364	0.0151235	-44.1823	2.25153e-12	3.34297	3.71099	1.36794	

0.00515	10.4444	0	-0.03	-0.01	-24.8595	1.21775	-1.01968	-32.7364	0.0151235	-44.1823	2.25153e-12	3.34297	3.71099	1.36794	

0.0052	10.4444	0	-0.03	-0.01	-24.8595	1.21775	-1.01968	-32.7364	0.0151235	-44.1823	2.25153e-12	3.34297	3.71099	1.36794	

0.00525	10.4444	0	-0.03	-0.01	-24.8595	1.21775	-1.01968	-32.7364	0.0151235	-44.1823	2.25153e-12	3.34297	3.71099	1.36794	

0.0053	10.4444	0	-0.03	-0.01	-24.8595	1.21775	-1.01968	-32.7364	0.0151235	-44.1823	2.25153e-12	3.34297	3.71099	1.36794	

0.00535	10.4444	0	-0.03	-0.01	-24.8595	1.21775	-1.01968	-32.7364	0.0151235	-44.1823	2.25153e-12	3.34297	3.71099	1.36794	

0.0054	10.4444	0	-0.03	-0.01	-24.8595	1.21775	-1.01968	-32.7364	0.0151235	-44.1823	2.25153e-12	3.34297	3.71099	1.36794	

0.00545	10.4444	0	-0.03	-0.01	-24.8595	1.21775	-1.01968	-32.7364	0.0151235	-44.1823	2.25153e-12	3.34297	3.71099	1.36794	

0.0055	10.4444	0	-0.03	-0.01	-24.8595	1.21775	-1.01968	-32.7364	0.0151235	-44.1823	2.25153e-12	3.34297	3.71099	1.36794	

0.00555	10.4444	0	-0.03	-0.01	-24.8595	1.21775	-1.01968	-32.7364	0.0151235	-44.1823	2.25153e-12	3.34297	3.71099	1.36794	

0.0056	10.4444	0	-0.03	-0.01	-24.8595	1.21775	-1.01968	-32.7364	0.0151235	-44.1823	2.25153e-12	3.34297	3.71099	1.36794	

0.00565	10.4444	0	-0.03	-0.01	-24.8595	1.21775	-1.01968	-32.7364	0.0151235	-44.1823	2.25153e-12	3.34297	3.71099	1.36794	

0.0057	10.4444	0	-0.03	-0.01	-24.8595	1.21775	-1.01968	-32.7364	0.0151235	-44.1823	2.25153e-12	3.34297	3.71099	1.36794	

0.00575	10.4444	0	-0.03	-0.01	-24.8595	1.21775	-1.01968	-32.7364	0.0151235	-44.1823	2.25153e-12	3.34297	3.71099	1.36794	

0.0058	10.4444	0	-0.03	-0.01	-24.8595	1.21775	-1.01968	-32.7364	0.0151235	-44.1823	2.25153e-12	3.34297	3.71099	1.36794	

0.00585	10.4444	0	-0.03	-0.01	-24.8595	1.21775	-1.01968	-32.7364	0.0151235	-44.1823	2.25153e-12	3.34297	3.71099	1.36794	

0.0059	10.4444	0	-0.03	-0.01	-24.8595	1.21775	-1.01968	-32.7364	0.0151235	-44.1823	2.25153e-12	3.34297	3.71099	1.36794	

0.00595	10.4444	0	-0.03	-0.01	-24.8595	1.21775	-1.01968	-32.7364	0.0151235	-44.1823	2.25153e-12	3.34297	3.71099	1.36794	

0.006	10.4444	0	-0.03	-0.01	-24.8595	1.21775	-1.01968	-32.7364	0.0151235	-44.1823	2.25153e-12	3.34297	3.71099	1.36794	

0.00605	10.4444	0	-0.03	-0.01	-24.8595	1.21775	-1.01968	-32.7364	0.0151235	-44.1823	2.25153e-12	3.34297	3.71099	1.36794	

0.0061	10.4444	0	-0.03	-0.01	-24.8595	1.21775	-1.01968	-32.7364	0.0151235	-44.1823	2.25153e-12	3.34297	3.71099	1.36794	

0.00615	10.4444	0	-0.03	-0.01	-24.8595	1.21775	-1.01968	-32.7364	0.0151235	-44.1823	2.25153e-12	3.34297	3.71099	1.36794	

0.0062	10.4444	0	-0.03	-0.01	-24.8595	1.21775	-1.01968	-32.7364	0.0151235	-44.1823	2.25153e-12	3.34297	3.71099	1.36794	

0.00625	10.4444	0	-0.03	-0.01	-24.8595	1.21775	-1.01968	-32.7364	0.0151235	-44.1823	2.25153e-12	3.34297	3.71099	1.36794	

0.0063	10.4444	0	-0.03	-0.01	-24.8595	1.21775	-1.01968	-32.7364	0.0151235	-44.1823	2.25153e-12	3.34297	3.71099	1.36794	

0.00635	10.4444	0	-0.03	-0.01	-24.8595	1.21775	-1.01968	-32.7364	0.0151235	-44.1823	2.25153e-12	3.34297	3.71099	1.36794	

0.0064	10.4444	0	-0.03	-0.01	-24.8595	1.21775	-1.01968	-32.7364	0.0151235	-44.1823	2.25153e-12	3.34297	3.71099	1.36794	

0.00645	10.4444	0	-0.03	-0.01	-24.8595	1.21775	-1.01968	-32.7364	0.0151235	-44.1823	2.25153e-12	3.34297	3.71099	1.36794	

0.0065	10.4444	0	-0.03	-0.01	-24.8595	1.21775	-1.01968	-32.7364	0.0151235	-44.1823	2.25153e-12	3.34297	3.71099	1.36794	

0.00655	10.4444	0	-0.03	-0.01	-24.8595	1.21775	-1.01968	-32.7364	0.0151235	-44.1823	2.25153e-12	3.34297	3.71099	1.36794	

0.0066	10.4444	0	-0.03	-0.01	-24.8595	1.21775	-1.01968	-32.7364	0.0151235	-44.1823	2.25153e-12	3.34297	3.71099	1.36794	

0.00665	10.4444	0	-0.03	-0.01	-24.8595	1.21775	-1.01968	-32.7364	0.0151235	-44.1823	2.25153e-12	3.34297	3.71099	1.36794	

0.0067	10.4444	0	-0.03	-0.01	-24.8595	1.21775	-1.01968	-32.7364	0.0151235	-44.1823	2.25153e-12	3.34297	3.71099	1.36794	

0.00675	10.4444	0	-0.03	-0.01	-24.8595	1.21775	-1.01968	-32.7364	0.0151235	-44.1823	2.25153e-12	3.34297	3.71099	1.36794	

0.0068	10.4444	0	-0.03	-0.01	-24.8595	1.21775	-1.01968	-32.7364	0.0151235	-44.1823	2.25153e-12	3.34297	3.71099	1.36794	

0.00685	10.4444	0	-0.03	-0.01	-24.8595	1.21775	-1.01968	-32.7364	0.0151235	-44.1823	2.25153e-12	3.34297	3.71099	1.36794	

0.0069	10.4444	0	-0.03	-0.01	-24.8595	1.21775	-1.01968	-32.7364	0.0151235	-44.1823	2.25153e-12	3.34297	3.71099	1.36794	

0.00695	10.4444	0	-0.03	-0.01	-24.8595	1.21775	-1.01968	-32.7364	0.0151235	-44.1823	2.25153e-12	3.34297	3.71099	1.36794	

0.007	10.4444	0	-0.03	-0.01	-24.8595	1.21775	-1.01968	-32.7364	0.0151235	-44.1823	2.25153e-12	3.34297	3.71099	1.36794	

0.00705	10.4444	0	-0.03	-0.01	-24.8595	1.21775	-1.01968	-32.7364	0.0151235	-44.1823	2.25153e-12	3.34297	3.71099	1.36794	

0.0071	10.4444	0	-0.03	-0.01	-24.8595	1.21775	-1.01968	-32.7364	0.0151235	-44.1823	2.25153e-12	3.34297	3.71099	1.36794	

0.00715	10.4444	0	-0.03	-0.01	-24.8595	1.21775	-1.01968	-32.7364	0.0151235	-44.1823	2.25153e-12	3.34297	3.71099	1.36794	

0.0072	10.4444	0	-0.03	-0.01	-24.8595	1.21775	-1.01968	-32.7364	0.0151235	-44.1823	2.25153e-12	3.34297	3.71099	1.36794	

0.00725	10.4444	0	-0.03	-0.01	-24.8595	1.21775	-1.01968	-32.7364	0.0151235	-44.1823	2.25153e-12	3.34297	3.71099	1.36794	

0.0073	10.4444	0	-0.03	-0.01	-24.8595	1.21775	-1.01968	-32.7364	0.0151235	-44.1823	2.25153e-12	3.34297	3.71099	1.36794	

0.00735	10.4444	0	-0.03	-0.01	-24.8595	1.21775	-1.01968	-32.7364	0.0151235	-44.1823	2.25153e-12	3.34297	3.71099	1.36794	

0.0074	10.4444	0	-0.03	-0.01	-24.8595	1.21775	-1.01968	-32.7364	0.0151235	-44.1823	2.25153e-12	3.34297	3.71099	1.36794	

0.00745	10.4444	0	-0.03	-0.01	-24.8595	1.21775	-1.01968	-32.7364	0.0151235	-44.1823	2.25153e-12	3.34297	3.71099	1.36794	

0.0075	10.4444	0	-0.03	-0.01	-24.8595	1.21775	-1.01968	-32.7364	0.0151235	-44.1823	2.25153e-12	3.34297	3.71099	1.36794	

0.00755	10.4444	0	-0.03	-0.01	-24.8595	1.21775	-1.01968	-32.7364	0.0151235	-44.1823	2.25153e-12	3.34297	3.71099	1.36794	

0.0076	10.4444	0	-0.03	-0.01	-24.8595	1.21775	-1.01968	-32.7364	0.0151235	-44.1823	2.25153e-12	3.34297	3.71099	1.36794	

0.00765	10.4444	0	-0.03	-0.01	-24.8595	1.21775	-1.01968	-32.7364	0.0151235	-44.1823	2.25153e-12	3.34297	3.71099	1.36794	

0.0077	10.4444	0	-0.03	-0.01	-24.8595	1.21775	-1.01968	-32.7364	0.0151235	-44.1823	2.25153e-12	3.34297	3.71099	1.36794	

0.00775	10.4444	0	-0.03	-0.01	-24.8595	1.21775	-1.01968	-32.7364	0.0151235	-44.1823	2.25153e-12	3.34297	3.71099	1.36794	

0.0078	10.4444	0	-0.03	-0.01	-24.8595	1.21775	-1.01968	-32.7364	0.0151235	-44.1823	2.25153e-12	3.34297	3.71099	1.36794	

0.00785	10.4444	0	-0.03	-0.01	-24.8595	1.21775	-1.01968	-32.7364	0.0151235	-44.1823	2.25153e-12	3.34297	3.71099	1.36794	

0.0079	10.4444	0	-0.03	-0.01	-24.8595	1.21775	-1.01968	-32.7364	0.0151235	-44.1823	2.25153e-12	3.34297	3.71099	1.36794	

0.00795	10.4444	0	-0.03	-0.01	-24.8595	1.21775	-1.01968	-32.7364	0.0151235	-44.1823	2.25153e-12	3.34297	3.71099	1.36794	

0.008	10.4444	0	-0.03	-0.01	-24.8595	1.21775	-1.01968	-32.7364	0.0151235	-44.1823	2.25153e-12	3.34297	3.71099	1.36794	

0.00805	10.4444	0	-0.03	-0.01	-24.8595	1.21775	-1.01968	-32.7364	0.0151235	-44.1823	2.25153e-12	3.34297	3.71099	1.36794	

0.0081	10.4444	0	-0.03	-0.01	-24.8595	1.21775	-1.01968	-32.7364	0.0151235	-44.1823	2.25153e-12	3.34297	3.71099	1.36794	

0.00815	10.4444	0	-0.03	-0.01	-24.8595	1.21775	-1.01968	-32.7364	0.0151235	-44.1823	2.25153e-12	3.34297	3.71099	1.36794	

0.0082	10.4444	0	-0.03	-0.01	-24.8595	1.21775	-1.01968	-32.7364	0.0151235	-44.1823	2.25153e-12	3.34297	3.71099	1.36794	

0.00825	10.4444	0	-0.03	-0.01	-24.8595	1.21775	-1.01968	-32.7364	0.0151235	-44.1823	2.25153e-12	3.34297	3.71099	1.36794	

0.0083	10.4444	0	-0.03	-0.01	-24.8595	1.21775	-1.01968	-32.7364	0.0151235	-44.1823	2.25153e-12	3.34297	3.71099	1.36794	

0.00835	10.4444	0	-0.03	-0.01	-24.8595	1.21775	-1.01968	-32.7364	0.0151235	-44.1823	2.25153e-12	3.34297	3.71099	1.36794	

0.0084	10.4444	0	-0.03	-0.01	-24.8595	1.21775	-1.01968	-32.7364	0.0151235	-44.1823	2.25153e-12	3.34297	3.71099	1.36794	

0.00845	10.4444	0	-0.03	-0.01	-24.8595	1.21775	-1.01968	-32.7364	0.0151235	-44.1823	2.25153e-12	3.34297	3.71099	1.36794	

0.0085	10.4444	0	-0.03	-0.01	-24.8595	1.21775	-1.01968	-32.7364	0.0151235	-44.1823	2.25153e-12	3.34297	3.71099	1.36794	

0.00855	10.4444	0	-0.03	-0.01	-24.8595	1.21775	-1.01968	-32.7364	0.0151235	-44.1823	2.25153e-12	3.34297	3.71099	1.36794	

0.0086	10.4444	0	-0.03	-0.01	-24.8595	1.21775	-1.01968	-32.7364	0.0151235	-44.1823	2.25153e-12	3.34297	3.71099	1.36794	

0.00865	10.4444	0	-0.03	-0.01	-24.8595	1.21775	-1.01968	-32.7364	0.0151235	-44.1823	2.25153e-12	3.34297	3.71099	1.36794	

0.0087	10.4444	0	-0.03	-0.01	-24.8595	1.21775	-1.01968	-32.7364	0.0151235	-44.1823	2.25153e-12	3.34297	3.71099	1.36794	

0.00875	10.4444	0	-0.03	-0.01	-24.8595	1.21775	-1.01968	-32.7364	0.0151235	-44.1823	2.25153e-12	3.34297	3.71099	1.36794	

0.0088	10.4444	0	-0.03	-0.01	-24.8595	1.21775	-1.01968	-32.7364	0.0151235	-44.1823	2.25153e-12	3.34297	3.71099	1.36794	

0.00885	10.4444	0	-0.03	-0.01	-24.8595	1.21775	-1.01968	-32.7364	0.0151235	-44.1823	2.25153e-12	3.34297	3.71099	1.36794	

0.0089	10.4444	0	-0.03	-0.01	-24.8595	1.21775	-1.01968	-32.7364	0.0151235	-44.1823	2.25153e-12	3.34297	3.71099	1.36794	

0.00895	10.4444	0	-0.03	-0.01	-24.8595	1.21775	-1.01968	-32.7364	0.0151235	-44.1823	2.25153e-12	3.34297	3.71099	1.36794	

0.009	10.4444	0	-0.03	-0.01	-24.8595	1.21775	-1.01968	-32.7364	0.0151235	-44.1823	2.25153e-12	3.34297	3.71099	1.36794	

0.00905	10.4444	0	-0.03	-0.01	-24.8595	1.21775	-1.01968	-32.7364	0.0151235	-44.1823	2.25153e-12	3.34297	3.71099	1.36794	

0.0091	10.4444	0	-0.03	-0.01	-24.8595	1.21775	-1.01968	-32.7364	0.0151235	-44.1823	2.25153e-12	3.34297	3.71099	1.36794	

0.00915	10.4444	0	-0.03	-0.01	-24.8595	1.21775	-1.01968	-32.7364	0.0151235	-44.1823	2.25153e-12	3.34297	3.71099	1.36794	

0.0092	10.4444	0	-0.03	-0.01	-24.8595	1.21775	-1.01968	-32.7364	0.0151235	-44.1823	2.25153e-12	3.34297	3.71099	1.36794	

0.00925	10.4444	0	-0.03	-0.01	-24.8595	1.21775	-1.01968	-32.7364	0.0151235	-44.1823	2.25153e-12	3.34297	3.71099	1.36794	

0.0093	10.4444	0	-0.03	-0.01	-24.8595	1.21775	-1.01968	-32.7364	0.0151235	-44.1823	2.25153e-12	3.34297	3.71099	1.36794	

0.00935	10.4444	0	-0.03	-0.01	-24.8595	1.21775	-1.01968	-32.7364	0.0151235	-44.1823	2.25153e-12	3.34297	3.71099	1.36794	

0.0094	10.4444	0	-0.03	-0.01	-24.8595	1.21775	-1.01968	-32.7364	0.0151235	-44.1823	2.25153e-12	3.34297	3.71099	1.36794	

0.00945	10.4444	0	-0.03	-0.01	-24.8595	1.21775	-1.01968	-32.7364	0.0151235	-44.1823	2.25153e-12	3.34297	3.71099	1.36794	

0.0095	10.4444	0	-0.03	-0.01	-24.8595	1.21775	-1.01968	-32.7364	0.0151235	-44.1823	2.25153e-12	3.34297	3.71099	1.36794	

0.00955	10.4444	0	-0.03	-0.01	-24.8595	1.21775	-1.01968	-32.7364	0.0151235	-44.1823	2.25153e-12	3.34297	3.71099	1.36794	

0.0096	10.4444	0	-0.03	-0.01	-24.8595	1.21775	-1.01968	-32.7364	0.0151235	-44.1823	2.25153e-12	3.34297	3.71099	1.36794	

0.00965	10.4444	0	-0.03	-0.01	-24.8595	1.21775	-1.01968	-32.7364	0.0151235	-44.1823	2.25153e-12	3.34297	3.71099	1.36794	

0.0097	10.4444	0	-0.03	-0.01	-24.8595	1.21775	-1.01968	-32.7364	0.0151235	-44.1823	2.25153e-12	3.34297	3.71099	1.36794	

0.00975	10.4444	0	-0.03	-0.01	-24.8595	1.21775	-1.01968	-32.7364	0.0151235	-44.1823	2.25153e-12	3.34297	3.71099	1.36794	

0.0098	10.4444	0	-0.03	-0.01	-24.8595	1.21775	-1.01968	-32.7364	0.0151235	-44.1823	2.25153e-12	3.34297	3.71099	1.36794	

0.00985	10.4444	0	-0.03	-0.01	-24.8595	1.21775	-1.01968	-32.7364	0.0151235	-44.1823	2.25153e-12	3.34297	3.71099	1.36794	

0.0099	10.4444	0	-0.03	-0.01	-24.8595	1.21775	-1.01968	-32.7364	0.0151235	-44.1823	2.25153e-12	3.34297	3.71099	1.36794	

0.00995	10.4444	0	-0.03	-0.01	-24.8595	1.21775	-1.01968	-32.7364	0.0151235	-44.1823	2.25153e-12	3.34297	3.71099	1.36794	

