 	density	u_1	u_2	u_3	sigma_11	sigma_12	sigma_13	sigma_22	sigma_23	sigma_33	S 	I1	I2	I3	dI_1	dI_2	dI_3
0	9.11224	0	0.5	1	-31.3338	0.901365	-0.177273	-29.9388	4.24064	-30.3451	1000	3.05165	3.09329	1.04123	

2.5e-05	9.11224	0	0.5	1	-31.3338	0.901365	-0.177273	-29.9388	4.24064	-30.3451	1000	3.05165	3.09329	1.04123	

5e-05	9.11224	0	0.5	1	-31.3338	0.901365	-0.177273	-29.9388	4.24064	-30.3451	1000	3.05165	3.09329	1.04123	

7.5e-05	9.11224	0	0.5	1	-31.3338	0.901365	-0.177273	-29.9388	4.24064	-30.3451	1000	3.05165	3.09329	1.04123	

0.0001	9.11224	0	0.5	1	-31.3338	0.901365	-0.177273	-29.9388	4.24064	-30.3451	1000	3.05165	3.09329	1.04123	

0.000125	9.11224	0	0.5	1	-31.3338	0.901365	-0.177273	-29.9388	4.24064	-30.3451	1000	3.05165	3.09329	1.04123	

0.00015	9.11224	0	0.5	1	-31.3338	0.901365	-0.177273	-29.9388	4.24064	-30.3451	1000	3.05165	3.09329	1.04123	

0.000175	9.11224	0	0.5	1	-31.3338	0.901365	-0.177273	-29.9388	4.24064	-30.3451	1000	3.05165	3.09329	1.04123	

0.0002	9.11224	0	0.5	1	-31.3338	0.901365	-0.177273	-29.9388	4.24064	-30.3451	1000	3.05165	3.09329	1.04123	

0.000225	9.11224	0	0.5	1	-31.3338	0.901365	-0.177273	-29.9388	4.24064	-30.3451	1000	3.05165	3.09329	1.04123	

0.00025	9.11224	0	0.5	1	-31.3338	0.901365	-0.177273	-29.9388	4.24064	-30.3451	1000	3.05165	3.09329	1.04123	

0.000275	9.11224	0	0.5	1	-31.3338	0.901365	-0.177273	-29.9388	4.24064	-30.3451	1000	3.05165	3.09329	1.04123	

0.0003	9.11224	0	0.5	1	-31.3338	0.901365	-0.177273	-29.9388	4.24064	-30.3451	1000	3.05165	3.09329	1.04123	

0.000325	9.11224	0	0.5	1	-31.3338	0.901365	-0.177273	-29.9388	4.24064	-30.3451	1000	3.05165	3.09329	1.04123	

0.00035	9.11224	0	0.5	1	-31.3338	0.901365	-0.177273	-29.9388	4.24064	-30.3451	1000	3.05165	3.09329	1.04123	

0.000375	9.11224	0	0.5	1	-31.3338	0.901365	-0.177273	-29.9388	4.24064	-30.3451	1000	3.05165	3.09329	1.04123	

0.0004	9.11224	0	0.5	1	-31.3338	0.901365	-0.177273	-29.9388	4.24064	-30.3451	1000	3.05165	3.09329	1.04123	

0.000425	9.11224	0	0.5	1	-31.3338	0.901365	-0.177273	-29.9388	4.24064	-30.3451	1000	3.05165	3.09329	1.04123	

0.00045	9.11224	0	0.5	1	-31.3338	0.901365	-0.177273	-29.9388	4.24064	-30.3451	1000	3.05165	3.09329	1.04123	

0.000475	9.11224	0	0.5	1	-31.3338	0.901365	-0.177273	-29.9388	4.24064	-30.3451	1000	3.05165	3.09329	1.04123	

0.0005	9.11224	0	0.5	1	-31.3338	0.901365	-0.177273	-29.9388	4.24064	-30.3451	1000	3.05165	3.09329	1.04123	

0.000525	9.11224	0	0.5	1	-31.3338	0.901365	-0.177273	-29.9388	4.24064	-30.3451	1000	3.05165	3.09329	1.04123	

0.00055	9.11224	0	0.5	1	-31.3338	0.901365	-0.177273	-29.9388	4.24064	-30.3451	1000	3.05165	3.09329	1.04123	

0.000575	9.11224	0	0.5	1	-31.3338	0.901365	-0.177273	-29.9388	4.24064	-30.3451	1000	3.05165	3.09329	1.04123	

0.0006	9.11224	0	0.5	1	-31.3338	0.901365	-0.177273	-29.9388	4.24064	-30.3451	1000	3.05165	3.09329	1.04123	

0.000625	9.11224	0	0.5	1	-31.3338	0.901365	-0.177273	-29.9388	4.24064	-30.3451	1000	3.05165	3.09329	1.04123	

0.00065	9.11224	0	0.5	1	-31.3338	0.901365	-0.177273	-29.9388	4.24064	-30.3451	1000	3.05165	3.09329	1.04123	

0.000675	9.11224	0	0.5	1	-31.3338	0.901365	-0.177273	-29.9388	4.24064	-30.3451	1000	3.05165	3.09329	1.04123	

0.0007	9.11224	0	0.5	1	-31.3338	0.901365	-0.177273	-29.9388	4.24064	-30.3451	1000	3.05165	3.09329	1.04123	

0.000725	9.11224	0	0.5	1	-31.3338	0.901365	-0.177273	-29.9388	4.24064	-30.3451	1000	3.05165	3.09329	1.04123	

0.00075	9.11224	0	0.5	1	-31.3338	0.901365	-0.177273	-29.9388	4.24064	-30.3451	1000	3.05165	3.09329	1.04123	

0.000775	9.11224	0	0.5	1	-31.3338	0.901365	-0.177273	-29.9388	4.24064	-30.3451	1000	3.05165	3.09329	1.04123	

0.0008	9.11224	0	0.5	1	-31.3338	0.901365	-0.177273	-29.9388	4.24064	-30.3451	1000	3.05165	3.09329	1.04123	

0.000825	9.11224	0	0.5	1	-31.3338	0.901365	-0.177273	-29.9388	4.24064	-30.3451	1000	3.05165	3.09329	1.04123	

0.00085	9.11224	0	0.5	1	-31.3338	0.901365	-0.177273	-29.9388	4.24064	-30.3451	1000	3.05165	3.09329	1.04123	

0.000875	9.11224	0	0.5	1	-31.3338	0.901365	-0.177273	-29.9388	4.24064	-30.3451	1000	3.05165	3.09329	1.04123	

0.0009	9.11224	0	0.5	1	-31.3338	0.901365	-0.177273	-29.9388	4.24064	-30.3451	1000	3.05165	3.09329	1.04123	

0.000925	9.11224	0	0.5	1	-31.3338	0.901365	-0.177273	-29.9388	4.24064	-30.3451	1000	3.05165	3.09329	1.04123	

0.00095	9.11224	0	0.5	1	-31.3338	0.901365	-0.177273	-29.9388	4.24064	-30.3451	1000	3.05165	3.09329	1.04123	

0.000975	9.11224	0	0.5	1	-31.3338	0.901365	-0.177273	-29.9388	4.24064	-30.3451	1000	3.05165	3.09329	1.04123	

0.001	9.11224	0	0.5	1	-31.3338	0.901365	-0.177273	-29.9388	4.24064	-30.3451	1000	3.05165	3.09329	1.04123	

0.001025	9.11224	0	0.5	1	-31.3338	0.901365	-0.177273	-29.9388	4.24064	-30.3451	1000	3.05165	3.09329	1.04123	

0.00105	9.11224	0	0.5	1	-31.3338	0.901365	-0.177273	-29.9388	4.24064	-30.3451	1000	3.05165	3.09329	1.04123	

0.001075	9.11224	0	0.5	1	-31.3338	0.901365	-0.177273	-29.9388	4.24064	-30.3451	1000	3.05165	3.09329	1.04123	

0.0011	9.11224	0	0.5	1	-31.3338	0.901365	-0.177273	-29.9388	4.24064	-30.3451	1000	3.05165	3.09329	1.04123	

0.001125	9.11224	0	0.5	1	-31.3338	0.901365	-0.177273	-29.9388	4.24064	-30.3451	1000	3.05165	3.09329	1.04123	

0.00115	9.11224	0	0.5	1	-31.3338	0.901365	-0.177273	-29.9388	4.24064	-30.3451	1000	3.05165	3.09329	1.04123	

0.001175	9.11224	0	0.5	1	-31.3338	0.901365	-0.177273	-29.9388	4.24064	-30.3451	1000	3.05165	3.09329	1.04123	

0.0012	9.11224	0	0.5	1	-31.3338	0.901365	-0.177273	-29.9388	4.24064	-30.3451	1000	3.05165	3.09329	1.04123	

0.001225	9.11224	0	0.5	1	-31.3338	0.901365	-0.177273	-29.9388	4.24064	-30.3451	1000	3.05165	3.09329	1.04123	

0.00125	9.11224	0	0.5	1	-31.3338	0.901365	-0.177273	-29.9388	4.24064	-30.3451	1000	3.05165	3.09329	1.04123	

0.001275	9.11224	0	0.5	1	-31.3338	0.901365	-0.177273	-29.9388	4.24064	-30.3451	1000	3.05165	3.09329	1.04123	

0.0013	9.11224	0	0.5	1	-31.3338	0.901365	-0.177273	-29.9388	4.24064	-30.3451	1000	3.05165	3.09329	1.04123	

0.001325	9.11224	0	0.5	1	-31.3338	0.901365	-0.177273	-29.9388	4.24064	-30.3451	1000	3.05165	3.09329	1.04123	

0.00135	9.11224	0	0.5	1	-31.3338	0.901365	-0.177273	-29.9388	4.24064	-30.3451	1000	3.05165	3.09329	1.04123	

0.001375	9.11224	0	0.5	1	-31.3338	0.901365	-0.177273	-29.9388	4.24064	-30.3451	1000	3.05165	3.09329	1.04123	

0.0014	9.11224	0	0.5	1	-31.3338	0.901365	-0.177273	-29.9388	4.24064	-30.3451	1000	3.05165	3.09329	1.04123	

0.001425	9.11224	0	0.5	1	-31.3338	0.901365	-0.177273	-29.9388	4.24064	-30.3451	1000	3.05165	3.09329	1.04123	

0.00145	9.11224	0	0.5	1	-31.3338	0.901365	-0.177273	-29.9388	4.24064	-30.3451	1000	3.05165	3.09329	1.04123	

0.001475	9.11224	0	0.5	1	-31.3338	0.901365	-0.177273	-29.9388	4.24064	-30.3451	1000	3.05165	3.09329	1.04123	

0.0015	9.11224	0	0.5	1	-31.3338	0.901365	-0.177273	-29.9388	4.24064	-30.3451	1000	3.05165	3.09329	1.04123	

0.001525	9.11224	0	0.5	1	-31.3338	0.901365	-0.177273	-29.9388	4.24064	-30.3451	1000	3.05165	3.09329	1.04123	

0.00155	9.11224	0	0.5	1	-31.3338	0.901365	-0.177273	-29.9388	4.24064	-30.3451	1000	3.05165	3.09329	1.04123	

0.001575	9.11224	0	0.5	1	-31.3338	0.901365	-0.177273	-29.9388	4.24064	-30.3451	1000	3.05165	3.09329	1.04123	

0.0016	9.11224	0	0.5	1	-31.3338	0.901365	-0.177273	-29.9388	4.24064	-30.3451	1000	3.05165	3.09329	1.04123	

0.001625	9.11224	0	0.5	1	-31.3338	0.901365	-0.177273	-29.9388	4.24064	-30.3451	1000	3.05165	3.09329	1.04123	

0.00165	9.11224	0	0.5	1	-31.3338	0.901365	-0.177273	-29.9388	4.24064	-30.3451	1000	3.05165	3.09329	1.04123	

0.001675	9.11224	0	0.5	1	-31.3338	0.901365	-0.177273	-29.9388	4.24064	-30.3451	1000	3.05165	3.09329	1.04123	

0.0017	9.11224	0	0.5	1	-31.3338	0.901365	-0.177273	-29.9388	4.24064	-30.3451	1000	3.05165	3.09329	1.04123	

0.001725	9.11224	0	0.5	1	-31.3338	0.901365	-0.177273	-29.9388	4.24064	-30.3451	1000	3.05165	3.09329	1.04123	

0.00175	9.11224	0	0.5	1	-31.3338	0.901365	-0.177273	-29.9388	4.24064	-30.3451	1000	3.05165	3.09329	1.04123	

0.001775	9.11224	0	0.5	1	-31.3338	0.901365	-0.177273	-29.9388	4.24064	-30.3451	1000	3.05165	3.09329	1.04123	

0.0018	9.11224	0	0.5	1	-31.3338	0.901365	-0.177273	-29.9388	4.24064	-30.3451	1000	3.05165	3.09329	1.04123	

0.001825	9.11224	0	0.5	1	-31.3338	0.901365	-0.177273	-29.9388	4.24064	-30.3451	1000	3.05165	3.09329	1.04123	

0.00185	9.11224	0	0.5	1	-31.3338	0.901365	-0.177273	-29.9388	4.24064	-30.3451	1000	3.05165	3.09329	1.04123	

0.001875	9.11224	0	0.5	1	-31.3338	0.901365	-0.177273	-29.9388	4.24064	-30.3451	1000	3.05165	3.09329	1.04123	

0.0019	9.11224	0	0.5	1	-31.3338	0.901365	-0.177273	-29.9388	4.24064	-30.3451	1000	3.05165	3.09329	1.04123	

0.001925	9.11224	0	0.5	1	-31.3338	0.901365	-0.177273	-29.9388	4.24064	-30.3451	1000	3.05165	3.09329	1.04123	

0.00195	9.11224	0	0.5	1	-31.3338	0.901365	-0.177273	-29.9388	4.24064	-30.3451	1000	3.05165	3.09329	1.04123	

0.001975	9.11224	0	0.5	1	-31.3338	0.901365	-0.177273	-29.9388	4.24064	-30.3451	1000	3.05165	3.09329	1.04123	

0.002	9.11224	0	0.5	1	-31.3338	0.901365	-0.177273	-29.9388	4.24064	-30.3451	1000	3.05165	3.09329	1.04123	

0.002025	9.11224	0	0.5	1	-31.3338	0.901365	-0.177273	-29.9388	4.24064	-30.3451	1000	3.05165	3.09329	1.04123	

0.00205	9.11224	0	0.5	1	-31.3338	0.901365	-0.177273	-29.9388	4.24064	-30.3451	1000	3.05165	3.09329	1.04123	

0.002075	9.11224	0	0.5	1	-31.3338	0.901365	-0.177273	-29.9388	4.24064	-30.3451	1000	3.05165	3.09329	1.04123	

0.0021	9.11224	0	0.5	1	-31.3338	0.901365	-0.177273	-29.9388	4.24064	-30.3451	1000	3.05165	3.09329	1.04123	

0.002125	9.11224	0	0.5	1	-31.3338	0.901365	-0.177273	-29.9388	4.24064	-30.3451	1000	3.05165	3.09329	1.04123	

0.00215	9.11224	0	0.5	1	-31.3338	0.901365	-0.177273	-29.9388	4.24064	-30.3451	1000	3.05165	3.09329	1.04123	

0.002175	9.11224	0	0.5	1	-31.3338	0.901365	-0.177273	-29.9388	4.24064	-30.3451	1000	3.05165	3.09329	1.04123	

0.0022	9.11224	0	0.5	1	-31.3338	0.901365	-0.177273	-29.9388	4.24064	-30.3451	1000	3.05165	3.09329	1.04123	

0.002225	9.11224	0	0.5	1	-31.3338	0.901365	-0.177273	-29.9388	4.24064	-30.3451	1000	3.05165	3.09329	1.04123	

0.00225	9.11224	0	0.5	1	-31.3338	0.901365	-0.177273	-29.9388	4.24064	-30.3451	1000	3.05165	3.09329	1.04123	

0.002275	9.11224	0	0.5	1	-31.3338	0.901365	-0.177273	-29.9388	4.24064	-30.3451	1000	3.05165	3.09329	1.04123	

0.0023	9.11224	0	0.5	1	-31.3338	0.901365	-0.177273	-29.9388	4.24064	-30.3451	1000	3.05165	3.09329	1.04123	

0.002325	9.11224	0	0.5	1	-31.3338	0.901365	-0.177273	-29.9388	4.24064	-30.3451	1000	3.05165	3.09329	1.04123	

0.00235	9.11224	0	0.5	1	-31.3338	0.901365	-0.177273	-29.9388	4.24064	-30.3451	1000	3.05165	3.09329	1.04123	

0.002375	9.11224	0	0.5	1	-31.3338	0.901365	-0.177273	-29.9388	4.24064	-30.3451	1000	3.05165	3.09329	1.04123	

0.0024	9.11224	0	0.5	1	-31.3338	0.901365	-0.177273	-29.9388	4.24064	-30.3451	1000	3.05165	3.09329	1.04123	

0.002425	9.11224	0	0.5	1	-31.3338	0.901365	-0.177273	-29.9388	4.24064	-30.3451	1000	3.05165	3.09329	1.04123	

0.00245	9.11224	0	0.5	1	-31.3338	0.901365	-0.177273	-29.9388	4.24064	-30.3451	1000	3.05165	3.09329	1.04123	

0.002475	9.11224	0	0.5	1	-31.3338	0.901365	-0.177273	-29.9388	4.24064	-30.3451	1000	3.05165	3.09329	1.04123	

0.0025	9.11224	0	0.5	1	-31.3338	0.901365	-0.177273	-29.9388	4.24064	-30.3451	1000	3.05165	3.09329	1.04123	

0.002525	9.11224	0	0.5	1	-31.3338	0.901365	-0.177273	-29.9388	4.24064	-30.3451	1000	3.05165	3.09329	1.04123	

0.00255	9.11224	0	0.5	1	-31.3338	0.901365	-0.177273	-29.9388	4.24064	-30.3451	1000	3.05165	3.09329	1.04123	

0.002575	9.11224	0	0.5	1	-31.3338	0.901365	-0.177273	-29.9388	4.24064	-30.3451	1000	3.05165	3.09329	1.04123	

0.0026	9.11224	0	0.5	1	-31.3338	0.901365	-0.177273	-29.9388	4.24064	-30.3451	1000	3.05165	3.09329	1.04123	

0.002625	9.11224	0	0.5	1	-31.3338	0.901365	-0.177273	-29.9388	4.24064	-30.3451	1000	3.05165	3.09329	1.04123	

0.00265	9.11224	0	0.5	1	-31.3338	0.901365	-0.177273	-29.9388	4.24064	-30.3451	1000	3.05165	3.09329	1.04123	

0.002675	9.11224	0	0.5	1	-31.3338	0.901365	-0.177273	-29.9388	4.24064	-30.3451	1000	3.05165	3.09329	1.04123	

0.0027	9.11224	0	0.5	1	-31.3338	0.901365	-0.177273	-29.9388	4.24064	-30.3451	1000	3.05165	3.09329	1.04123	

0.002725	9.11224	0	0.5	1	-31.3338	0.901365	-0.177273	-29.9388	4.24064	-30.3451	1000	3.05165	3.09329	1.04123	

0.00275	9.11224	0	0.5	1	-31.3338	0.901365	-0.177273	-29.9388	4.24064	-30.3451	1000	3.05165	3.09329	1.04123	

0.002775	9.11224	0	0.5	1	-31.3338	0.901365	-0.177273	-29.9388	4.24064	-30.3451	1000	3.05165	3.09329	1.04123	

0.0028	9.11224	0	0.5	1	-31.3338	0.901365	-0.177273	-29.9388	4.24064	-30.3451	1000	3.05165	3.09329	1.04123	

0.002825	9.11224	0	0.5	1	-31.3338	0.901365	-0.177273	-29.9388	4.24064	-30.3451	1000	3.05165	3.09329	1.04123	

0.00285	9.11224	0	0.5	1	-31.3338	0.901365	-0.177273	-29.9388	4.24064	-30.3451	1000	3.05165	3.09329	1.04123	

0.002875	9.11224	0	0.5	1	-31.3338	0.901365	-0.177273	-29.9388	4.24064	-30.3451	1000	3.05165	3.09329	1.04123	

0.0029	9.11224	0	0.5	1	-31.3338	0.901365	-0.177273	-29.9388	4.24064	-30.3451	1000	3.05165	3.09329	1.04123	

0.002925	9.11224	0	0.5	1	-31.3338	0.901365	-0.177273	-29.9388	4.24064	-30.3451	1000	3.05165	3.09329	1.04123	

0.00295	9.11224	0	0.5	1	-31.3338	0.901365	-0.177273	-29.9388	4.24064	-30.3451	1000	3.05165	3.09329	1.04123	

0.002975	9.11224	0	0.5	1	-31.3338	0.901365	-0.177273	-29.9388	4.24064	-30.3451	1000	3.05165	3.09329	1.04123	

0.003	9.11224	0	0.5	1	-31.3338	0.901365	-0.177273	-29.9388	4.24064	-30.3451	1000	3.05165	3.09329	1.04123	

0.003025	9.11224	0	0.5	1	-31.3338	0.901365	-0.177273	-29.9388	4.24064	-30.3451	1000	3.05165	3.09329	1.04123	

0.00305	9.11224	0	0.5	1	-31.3338	0.901365	-0.177273	-29.9388	4.24064	-30.3451	1000	3.05165	3.09329	1.04123	

0.003075	9.11224	0	0.5	1	-31.3338	0.901365	-0.177273	-29.9388	4.24064	-30.3451	1000	3.05165	3.09329	1.04123	

0.0031	9.11224	0	0.5	1	-31.3338	0.901365	-0.177273	-29.9388	4.24064	-30.3451	1000	3.05165	3.09329	1.04123	

0.003125	9.11224	0	0.5	1	-31.3338	0.901365	-0.177273	-29.9388	4.24064	-30.3451	1000	3.05165	3.09329	1.04123	

0.00315	9.11224	0	0.5	1	-31.3338	0.901365	-0.177273	-29.9388	4.24064	-30.3451	1000	3.05165	3.09329	1.04123	

0.003175	9.11224	0	0.5	1	-31.3338	0.901365	-0.177273	-29.9388	4.24064	-30.3451	1000	3.05165	3.09329	1.04123	

0.0032	9.11224	0	0.5	1	-31.3338	0.901365	-0.177273	-29.9388	4.24064	-30.3451	1000	3.05165	3.09329	1.04123	

0.003225	9.11224	0	0.5	1	-31.3338	0.901365	-0.177273	-29.9388	4.24064	-30.3451	1000	3.05165	3.09329	1.04123	

0.00325	9.11224	0	0.5	1	-31.3338	0.901365	-0.177273	-29.9388	4.24064	-30.3451	1000	3.05165	3.09329	1.04123	

0.003275	9.11224	0	0.5	1	-31.3338	0.901365	-0.177273	-29.9388	4.24064	-30.3451	1000	3.05165	3.09329	1.04123	

0.0033	9.11224	0	0.5	1	-31.3338	0.901365	-0.177273	-29.9388	4.24064	-30.3451	1000	3.05165	3.09329	1.04123	

0.003325	9.11224	0	0.5	1	-31.3338	0.901365	-0.177273	-29.9388	4.24064	-30.3451	1000	3.05165	3.09329	1.04123	

0.00335	9.11224	0	0.5	1	-31.3338	0.901365	-0.177273	-29.9388	4.24064	-30.3451	1000	3.05165	3.09329	1.04123	

0.003375	9.11224	0	0.5	1	-31.3338	0.901365	-0.177273	-29.9388	4.24064	-30.3451	1000	3.05165	3.09329	1.04123	

0.0034	9.11224	0	0.5	1	-31.3338	0.901365	-0.177273	-29.9388	4.24064	-30.3451	1000	3.05165	3.09329	1.04123	

0.003425	9.11224	0	0.5	1	-31.3338	0.901365	-0.177273	-29.9388	4.24064	-30.3451	1000	3.05165	3.09329	1.04123	

0.00345	9.11224	0	0.5	1	-31.3338	0.901365	-0.177273	-29.9388	4.24064	-30.3451	1000	3.05165	3.09329	1.04123	

0.003475	9.11224	0	0.5	1	-31.3338	0.901365	-0.177273	-29.9388	4.24064	-30.3451	1000	3.05165	3.09329	1.04123	

0.0035	9.11224	0	0.5	1	-31.3338	0.901365	-0.177273	-29.9388	4.24064	-30.3451	1000	3.05165	3.09329	1.04123	

0.003525	9.11224	0	0.5	1	-31.3338	0.901365	-0.177273	-29.9388	4.24064	-30.3451	1000	3.05165	3.09329	1.04123	

0.00355	9.11224	0	0.5	1	-31.3338	0.901365	-0.177273	-29.9388	4.24064	-30.3451	1000	3.05165	3.09329	1.04123	

0.003575	9.11224	0	0.5	1	-31.3338	0.901365	-0.177273	-29.9388	4.24064	-30.3451	1000	3.05165	3.09329	1.04123	

0.0036	9.11224	0	0.5	1	-31.3338	0.901365	-0.177273	-29.9388	4.24064	-30.3451	1000	3.05165	3.09329	1.04123	

0.003625	9.11224	0	0.5	1	-31.3338	0.901365	-0.177273	-29.9388	4.24064	-30.3451	1000	3.05165	3.09329	1.04123	

0.00365	9.11224	0	0.5	1	-31.3338	0.901365	-0.177273	-29.9388	4.24064	-30.3451	1000	3.05165	3.09329	1.04123	

0.003675	9.11224	0	0.5	1	-31.3338	0.901365	-0.177273	-29.9388	4.24064	-30.3451	1000	3.05165	3.09329	1.04123	

0.0037	9.11224	0	0.5	1	-31.3338	0.901365	-0.177273	-29.9388	4.24064	-30.3451	1000	3.05165	3.09329	1.04123	

0.003725	9.11224	0	0.5	1	-31.3338	0.901365	-0.177273	-29.9388	4.24064	-30.3451	1000	3.05165	3.09329	1.04123	

0.00375	9.11224	0	0.5	1	-31.3338	0.901365	-0.177273	-29.9388	4.24064	-30.3451	1000	3.05165	3.09329	1.04123	

0.003775	9.11224	0	0.5	1	-31.3338	0.901365	-0.177273	-29.9388	4.24064	-30.3451	1000	3.05165	3.09329	1.04123	

0.0038	9.11224	0	0.5	1	-31.3338	0.901365	-0.177273	-29.9388	4.24064	-30.3451	1000	3.05165	3.09329	1.04123	

0.003825	9.11224	0	0.5	1	-31.3338	0.901365	-0.177273	-29.9388	4.24064	-30.3451	1000	3.05165	3.09329	1.04123	

0.00385	9.11224	0	0.5	1	-31.3338	0.901365	-0.177273	-29.9388	4.24064	-30.3451	1000	3.05165	3.09329	1.04123	

0.003875	9.11224	0	0.5	1	-31.3338	0.901365	-0.177273	-29.9388	4.24064	-30.3451	1000	3.05165	3.09329	1.04123	

0.0039	9.11224	0	0.5	1	-31.3338	0.901365	-0.177273	-29.9388	4.24064	-30.3451	1000	3.05165	3.09329	1.04123	

0.003925	9.11224	0	0.5	1	-31.3338	0.901365	-0.177273	-29.9388	4.24064	-30.3451	1000	3.05165	3.09329	1.04123	

0.00395	9.11224	0	0.5	1	-31.3338	0.901365	-0.177273	-29.9388	4.24064	-30.3451	1000	3.05165	3.09329	1.04123	

0.003975	9.11224	0	0.5	1	-31.3338	0.901365	-0.177273	-29.9388	4.24064	-30.3451	1000	3.05165	3.09329	1.04123	

0.004	9.11224	0	0.5	1	-31.3338	0.901365	-0.177273	-29.9388	4.24064	-30.3451	1000	3.05165	3.09329	1.04123	

0.004025	9.11224	0	0.5	1	-31.3338	0.901365	-0.177273	-29.9388	4.24064	-30.3451	1000	3.05165	3.09329	1.04123	

0.00405	9.11224	0	0.5	1	-31.3338	0.901365	-0.177273	-29.9388	4.24064	-30.3451	1000	3.05165	3.09329	1.04123	

0.004075	9.11224	0	0.5	1	-31.3338	0.901365	-0.177273	-29.9388	4.24064	-30.3451	1000	3.05165	3.09329	1.04123	

0.0041	9.11224	0	0.5	1	-31.3338	0.901365	-0.177273	-29.9388	4.24064	-30.3451	1000	3.05165	3.09329	1.04123	

0.004125	9.11224	0	0.5	1	-31.3338	0.901365	-0.177273	-29.9388	4.24064	-30.3451	1000	3.05165	3.09329	1.04123	

0.00415	9.11224	0	0.5	1	-31.3338	0.901365	-0.177273	-29.9388	4.24064	-30.3451	1000	3.05165	3.09329	1.04123	

0.004175	9.11224	0	0.5	1	-31.3338	0.901365	-0.177273	-29.9388	4.24064	-30.3451	1000	3.05165	3.09329	1.04123	

0.0042	9.11224	0	0.5	1	-31.3338	0.901365	-0.177273	-29.9388	4.24064	-30.3451	1000	3.05165	3.09329	1.04123	

0.004225	9.11224	0	0.5	1	-31.3338	0.901365	-0.177273	-29.9388	4.24064	-30.3451	1000	3.05165	3.09329	1.04123	

0.00425	9.11224	0	0.5	1	-31.3338	0.901365	-0.177273	-29.9388	4.24064	-30.3451	1000	3.05165	3.09329	1.04123	

0.004275	9.11224	0	0.5	1	-31.3338	0.901365	-0.177273	-29.9388	4.24064	-30.3451	1000	3.05165	3.09329	1.04123	

0.0043	9.11224	0	0.5	1	-31.3338	0.901365	-0.177273	-29.9388	4.24064	-30.3451	1000	3.05165	3.09329	1.04123	

0.004325	9.11224	0	0.5	1	-31.3338	0.901365	-0.177273	-29.9388	4.24064	-30.3451	1000	3.05165	3.09329	1.04123	

0.00435	9.11224	0	0.5	1	-31.3338	0.901365	-0.177273	-29.9388	4.24064	-30.3451	1000	3.05165	3.09329	1.04123	

0.004375	9.11224	0	0.5	1	-31.3338	0.901365	-0.177273	-29.9388	4.24064	-30.3451	1000	3.05165	3.09329	1.04123	

0.0044	9.11224	0	0.5	1	-31.3338	0.901365	-0.177273	-29.9388	4.24064	-30.3451	1000	3.05165	3.09329	1.04123	

0.004425	9.11224	0	0.5	1	-31.3338	0.901365	-0.177273	-29.9388	4.24064	-30.3451	1000	3.05165	3.09329	1.04123	

0.00445	9.11224	0	0.5	1	-31.3338	0.901365	-0.177273	-29.9388	4.24064	-30.3451	1000	3.05165	3.09329	1.04123	

0.004475	9.11224	0	0.5	1	-31.3338	0.901365	-0.177273	-29.9388	4.24064	-30.3451	1000	3.05165	3.09329	1.04123	

0.0045	9.11224	0	0.5	1	-31.3338	0.901365	-0.177273	-29.9388	4.24064	-30.3451	1000	3.05165	3.09329	1.04123	

0.004525	9.11224	0	0.5	1	-31.3338	0.901365	-0.177273	-29.9388	4.24064	-30.3451	1000	3.05165	3.09329	1.04123	

0.00455	9.11224	0	0.5	1	-31.3338	0.901365	-0.177273	-29.9388	4.24064	-30.3451	1000	3.05165	3.09329	1.04123	

0.004575	9.11224	0	0.5	1	-31.3338	0.901365	-0.177273	-29.9388	4.24064	-30.3451	1000	3.05165	3.09329	1.04123	

0.0046	9.11224	0	0.5	1	-31.3338	0.901365	-0.177273	-29.9388	4.24064	-30.3451	1000	3.05165	3.09329	1.04123	

0.004625	9.11224	0	0.5	1	-31.3338	0.901365	-0.177273	-29.9388	4.24064	-30.3451	1000	3.05165	3.09329	1.04123	

0.00465	9.11224	0	0.5	1	-31.3338	0.901365	-0.177273	-29.9388	4.24064	-30.3451	1000	3.05165	3.09329	1.04123	

0.004675	9.11224	0	0.5	1	-31.3338	0.901365	-0.177273	-29.9388	4.24064	-30.3451	1000	3.05165	3.09329	1.04123	

0.0047	9.11224	0	0.5	1	-31.3338	0.901365	-0.177273	-29.9388	4.24064	-30.3451	1000	3.05165	3.09329	1.04123	

0.004725	9.11224	0	0.5	1	-31.3338	0.901365	-0.177273	-29.9388	4.24064	-30.3451	1000	3.05165	3.09329	1.04123	

0.00475	9.11224	0	0.5	1	-31.3338	0.901365	-0.177273	-29.9388	4.24064	-30.3451	1000	3.05165	3.09329	1.04123	

0.004775	9.11224	0	0.5	1	-31.3338	0.901365	-0.177273	-29.9388	4.24064	-30.3451	1000	3.05165	3.09329	1.04123	

0.0048	9.11224	0	0.5	1	-31.3338	0.901365	-0.177273	-29.9388	4.24064	-30.3451	1000	3.05165	3.09329	1.04123	

0.004825	9.11224	0	0.5	1	-31.3338	0.901365	-0.177273	-29.9388	4.24064	-30.3451	1000	3.05165	3.09329	1.04123	

0.00485	9.11224	0	0.5	1	-31.3338	0.901365	-0.177273	-29.9388	4.24064	-30.3451	1000	3.05165	3.09329	1.04123	

0.004875	9.11224	0	0.5	1	-31.3338	0.901365	-0.177273	-29.9388	4.24064	-30.3451	1000	3.05165	3.09329	1.04123	

0.0049	9.11224	0	0.5	1	-31.3338	0.901365	-0.177273	-29.9388	4.24064	-30.3451	1000	3.05165	3.09329	1.04123	

0.004925	9.11224	0	0.5	1	-31.3338	0.901365	-0.177273	-29.9388	4.24064	-30.3451	1000	3.05165	3.09329	1.04123	

0.00495	9.11224	0	0.5	1	-31.3338	0.901365	-0.177273	-29.9388	4.24064	-30.3451	1000	3.05165	3.09329	1.04123	

0.004975	9.11224	0	0.5	1	-31.3338	0.901365	-0.177273	-29.9388	4.24064	-30.3451	1000	3.05165	3.09329	1.04123	

0.005	8.93	0	0	0	-0.461615	0	0	-0.855428	3.96438	-1.25187	0	3.01	3.01	1	

0.005025	8.93	0	0	0	-0.461615	0	0	-0.855428	3.96438	-1.25187	0	3.01	3.01	1	

0.00505	8.93	0	0	0	-0.461615	0	0	-0.855428	3.96438	-1.25187	0	3.01	3.01	1	

0.005075	8.93	0	0	0	-0.461615	0	0	-0.855428	3.96438	-1.25187	0	3.01	3.01	1	

0.0051	8.93	0	0	0	-0.461615	0	0	-0.855428	3.96438	-1.25187	0	3.01	3.01	1	

0.005125	8.93	0	0	0	-0.461615	0	0	-0.855428	3.96438	-1.25187	0	3.01	3.01	1	

0.00515	8.93	0	0	0	-0.461615	0	0	-0.855428	3.96438	-1.25187	0	3.01	3.01	1	

0.005175	8.93	0	0	0	-0.461615	0	0	-0.855428	3.96438	-1.25187	0	3.01	3.01	1	

0.0052	8.93	0	0	0	-0.461615	0	0	-0.855428	3.96438	-1.25187	0	3.01	3.01	1	

0.005225	8.93	0	0	0	-0.461615	0	0	-0.855428	3.96438	-1.25187	0	3.01	3.01	1	

0.00525	8.93	0	0	0	-0.461615	0	0	-0.855428	3.96438	-1.25187	0	3.01	3.01	1	

0.005275	8.93	0	0	0	-0.461615	0	0	-0.855428	3.96438	-1.25187	0	3.01	3.01	1	

0.0053	8.93	0	0	0	-0.461615	0	0	-0.855428	3.96438	-1.25187	0	3.01	3.01	1	

0.005325	8.93	0	0	0	-0.461615	0	0	-0.855428	3.96438	-1.25187	0	3.01	3.01	1	

0.00535	8.93	0	0	0	-0.461615	0	0	-0.855428	3.96438	-1.25187	0	3.01	3.01	1	

0.005375	8.93	0	0	0	-0.461615	0	0	-0.855428	3.96438	-1.25187	0	3.01	3.01	1	

0.0054	8.93	0	0	0	-0.461615	0	0	-0.855428	3.96438	-1.25187	0	3.01	3.01	1	

0.005425	8.93	0	0	0	-0.461615	0	0	-0.855428	3.96438	-1.25187	0	3.01	3.01	1	

0.00545	8.93	0	0	0	-0.461615	0	0	-0.855428	3.96438	-1.25187	0	3.01	3.01	1	

0.005475	8.93	0	0	0	-0.461615	0	0	-0.855428	3.96438	-1.25187	0	3.01	3.01	1	

0.0055	8.93	0	0	0	-0.461615	0	0	-0.855428	3.96438	-1.25187	0	3.01	3.01	1	

0.005525	8.93	0	0	0	-0.461615	0	0	-0.855428	3.96438	-1.25187	0	3.01	3.01	1	

0.00555	8.93	0	0	0	-0.461615	0	0	-0.855428	3.96438	-1.25187	0	3.01	3.01	1	

0.005575	8.93	0	0	0	-0.461615	0	0	-0.855428	3.96438	-1.25187	0	3.01	3.01	1	

0.0056	8.93	0	0	0	-0.461615	0	0	-0.855428	3.96438	-1.25187	0	3.01	3.01	1	

0.005625	8.93	0	0	0	-0.461615	0	0	-0.855428	3.96438	-1.25187	0	3.01	3.01	1	

0.00565	8.93	0	0	0	-0.461615	0	0	-0.855428	3.96438	-1.25187	0	3.01	3.01	1	

0.005675	8.93	0	0	0	-0.461615	0	0	-0.855428	3.96438	-1.25187	0	3.01	3.01	1	

0.0057	8.93	0	0	0	-0.461615	0	0	-0.855428	3.96438	-1.25187	0	3.01	3.01	1	

0.005725	8.93	0	0	0	-0.461615	0	0	-0.855428	3.96438	-1.25187	0	3.01	3.01	1	

0.00575	8.93	0	0	0	-0.461615	0	0	-0.855428	3.96438	-1.25187	0	3.01	3.01	1	

0.005775	8.93	0	0	0	-0.461615	0	0	-0.855428	3.96438	-1.25187	0	3.01	3.01	1	

0.0058	8.93	0	0	0	-0.461615	0	0	-0.855428	3.96438	-1.25187	0	3.01	3.01	1	

0.005825	8.93	0	0	0	-0.461615	0	0	-0.855428	3.96438	-1.25187	0	3.01	3.01	1	

0.00585	8.93	0	0	0	-0.461615	0	0	-0.855428	3.96438	-1.25187	0	3.01	3.01	1	

0.005875	8.93	0	0	0	-0.461615	0	0	-0.855428	3.96438	-1.25187	0	3.01	3.01	1	

0.0059	8.93	0	0	0	-0.461615	0	0	-0.855428	3.96438	-1.25187	0	3.01	3.01	1	

0.005925	8.93	0	0	0	-0.461615	0	0	-0.855428	3.96438	-1.25187	0	3.01	3.01	1	

0.00595	8.93	0	0	0	-0.461615	0	0	-0.855428	3.96438	-1.25187	0	3.01	3.01	1	

0.005975	8.93	0	0	0	-0.461615	0	0	-0.855428	3.96438	-1.25187	0	3.01	3.01	1	

0.006	8.93	0	0	0	-0.461615	0	0	-0.855428	3.96438	-1.25187	0	3.01	3.01	1	

0.006025	8.93	0	0	0	-0.461615	0	0	-0.855428	3.96438	-1.25187	0	3.01	3.01	1	

0.00605	8.93	0	0	0	-0.461615	0	0	-0.855428	3.96438	-1.25187	0	3.01	3.01	1	

0.006075	8.93	0	0	0	-0.461615	0	0	-0.855428	3.96438	-1.25187	0	3.01	3.01	1	

0.0061	8.93	0	0	0	-0.461615	0	0	-0.855428	3.96438	-1.25187	0	3.01	3.01	1	

0.006125	8.93	0	0	0	-0.461615	0	0	-0.855428	3.96438	-1.25187	0	3.01	3.01	1	

0.00615	8.93	0	0	0	-0.461615	0	0	-0.855428	3.96438	-1.25187	0	3.01	3.01	1	

0.006175	8.93	0	0	0	-0.461615	0	0	-0.855428	3.96438	-1.25187	0	3.01	3.01	1	

0.0062	8.93	0	0	0	-0.461615	0	0	-0.855428	3.96438	-1.25187	0	3.01	3.01	1	

0.006225	8.93	0	0	0	-0.461615	0	0	-0.855428	3.96438	-1.25187	0	3.01	3.01	1	

0.00625	8.93	0	0	0	-0.461615	0	0	-0.855428	3.96438	-1.25187	0	3.01	3.01	1	

0.006275	8.93	0	0	0	-0.461615	0	0	-0.855428	3.96438	-1.25187	0	3.01	3.01	1	

0.0063	8.93	0	0	0	-0.461615	0	0	-0.855428	3.96438	-1.25187	0	3.01	3.01	1	

0.006325	8.93	0	0	0	-0.461615	0	0	-0.855428	3.96438	-1.25187	0	3.01	3.01	1	

0.00635	8.93	0	0	0	-0.461615	0	0	-0.855428	3.96438	-1.25187	0	3.01	3.01	1	

0.006375	8.93	0	0	0	-0.461615	0	0	-0.855428	3.96438	-1.25187	0	3.01	3.01	1	

0.0064	8.93	0	0	0	-0.461615	0	0	-0.855428	3.96438	-1.25187	0	3.01	3.01	1	

0.006425	8.93	0	0	0	-0.461615	0	0	-0.855428	3.96438	-1.25187	0	3.01	3.01	1	

0.00645	8.93	0	0	0	-0.461615	0	0	-0.855428	3.96438	-1.25187	0	3.01	3.01	1	

0.006475	8.93	0	0	0	-0.461615	0	0	-0.855428	3.96438	-1.25187	0	3.01	3.01	1	

0.0065	8.93	0	0	0	-0.461615	0	0	-0.855428	3.96438	-1.25187	0	3.01	3.01	1	

0.006525	8.93	0	0	0	-0.461615	0	0	-0.855428	3.96438	-1.25187	0	3.01	3.01	1	

0.00655	8.93	0	0	0	-0.461615	0	0	-0.855428	3.96438	-1.25187	0	3.01	3.01	1	

0.006575	8.93	0	0	0	-0.461615	0	0	-0.855428	3.96438	-1.25187	0	3.01	3.01	1	

0.0066	8.93	0	0	0	-0.461615	0	0	-0.855428	3.96438	-1.25187	0	3.01	3.01	1	

0.006625	8.93	0	0	0	-0.461615	0	0	-0.855428	3.96438	-1.25187	0	3.01	3.01	1	

0.00665	8.93	0	0	0	-0.461615	0	0	-0.855428	3.96438	-1.25187	0	3.01	3.01	1	

0.006675	8.93	0	0	0	-0.461615	0	0	-0.855428	3.96438	-1.25187	0	3.01	3.01	1	

0.0067	8.93	0	0	0	-0.461615	0	0	-0.855428	3.96438	-1.25187	0	3.01	3.01	1	

0.006725	8.93	0	0	0	-0.461615	0	0	-0.855428	3.96438	-1.25187	0	3.01	3.01	1	

0.00675	8.93	0	0	0	-0.461615	0	0	-0.855428	3.96438	-1.25187	0	3.01	3.01	1	

0.006775	8.93	0	0	0	-0.461615	0	0	-0.855428	3.96438	-1.25187	0	3.01	3.01	1	

0.0068	8.93	0	0	0	-0.461615	0	0	-0.855428	3.96438	-1.25187	0	3.01	3.01	1	

0.006825	8.93	0	0	0	-0.461615	0	0	-0.855428	3.96438	-1.25187	0	3.01	3.01	1	

0.00685	8.93	0	0	0	-0.461615	0	0	-0.855428	3.96438	-1.25187	0	3.01	3.01	1	

0.006875	8.93	0	0	0	-0.461615	0	0	-0.855428	3.96438	-1.25187	0	3.01	3.01	1	

0.0069	8.93	0	0	0	-0.461615	0	0	-0.855428	3.96438	-1.25187	0	3.01	3.01	1	

0.006925	8.93	0	0	0	-0.461615	0	0	-0.855428	3.96438	-1.25187	0	3.01	3.01	1	

0.00695	8.93	0	0	0	-0.461615	0	0	-0.855428	3.96438	-1.25187	0	3.01	3.01	1	

0.006975	8.93	0	0	0	-0.461615	0	0	-0.855428	3.96438	-1.25187	0	3.01	3.01	1	

0.007	8.93	0	0	0	-0.461615	0	0	-0.855428	3.96438	-1.25187	0	3.01	3.01	1	

0.007025	8.93	0	0	0	-0.461615	0	0	-0.855428	3.96438	-1.25187	0	3.01	3.01	1	

0.00705	8.93	0	0	0	-0.461615	0	0	-0.855428	3.96438	-1.25187	0	3.01	3.01	1	

0.007075	8.93	0	0	0	-0.461615	0	0	-0.855428	3.96438	-1.25187	0	3.01	3.01	1	

0.0071	8.93	0	0	0	-0.461615	0	0	-0.855428	3.96438	-1.25187	0	3.01	3.01	1	

0.007125	8.93	0	0	0	-0.461615	0	0	-0.855428	3.96438	-1.25187	0	3.01	3.01	1	

0.00715	8.93	0	0	0	-0.461615	0	0	-0.855428	3.96438	-1.25187	0	3.01	3.01	1	

0.007175	8.93	0	0	0	-0.461615	0	0	-0.855428	3.96438	-1.25187	0	3.01	3.01	1	

0.0072	8.93	0	0	0	-0.461615	0	0	-0.855428	3.96438	-1.25187	0	3.01	3.01	1	

0.007225	8.93	0	0	0	-0.461615	0	0	-0.855428	3.96438	-1.25187	0	3.01	3.01	1	

0.00725	8.93	0	0	0	-0.461615	0	0	-0.855428	3.96438	-1.25187	0	3.01	3.01	1	

0.007275	8.93	0	0	0	-0.461615	0	0	-0.855428	3.96438	-1.25187	0	3.01	3.01	1	

0.0073	8.93	0	0	0	-0.461615	0	0	-0.855428	3.96438	-1.25187	0	3.01	3.01	1	

0.007325	8.93	0	0	0	-0.461615	0	0	-0.855428	3.96438	-1.25187	0	3.01	3.01	1	

0.00735	8.93	0	0	0	-0.461615	0	0	-0.855428	3.96438	-1.25187	0	3.01	3.01	1	

0.007375	8.93	0	0	0	-0.461615	0	0	-0.855428	3.96438	-1.25187	0	3.01	3.01	1	

0.0074	8.93	0	0	0	-0.461615	0	0	-0.855428	3.96438	-1.25187	0	3.01	3.01	1	

0.007425	8.93	0	0	0	-0.461615	0	0	-0.855428	3.96438	-1.25187	0	3.01	3.01	1	

0.00745	8.93	0	0	0	-0.461615	0	0	-0.855428	3.96438	-1.25187	0	3.01	3.01	1	

0.007475	8.93	0	0	0	-0.461615	0	0	-0.855428	3.96438	-1.25187	0	3.01	3.01	1	

0.0075	8.93	0	0	0	-0.461615	0	0	-0.855428	3.96438	-1.25187	0	3.01	3.01	1	

0.007525	8.93	0	0	0	-0.461615	0	0	-0.855428	3.96438	-1.25187	0	3.01	3.01	1	

0.00755	8.93	0	0	0	-0.461615	0	0	-0.855428	3.96438	-1.25187	0	3.01	3.01	1	

0.007575	8.93	0	0	0	-0.461615	0	0	-0.855428	3.96438	-1.25187	0	3.01	3.01	1	

0.0076	8.93	0	0	0	-0.461615	0	0	-0.855428	3.96438	-1.25187	0	3.01	3.01	1	

0.007625	8.93	0	0	0	-0.461615	0	0	-0.855428	3.96438	-1.25187	0	3.01	3.01	1	

0.00765	8.93	0	0	0	-0.461615	0	0	-0.855428	3.96438	-1.25187	0	3.01	3.01	1	

0.007675	8.93	0	0	0	-0.461615	0	0	-0.855428	3.96438	-1.25187	0	3.01	3.01	1	

0.0077	8.93	0	0	0	-0.461615	0	0	-0.855428	3.96438	-1.25187	0	3.01	3.01	1	

0.007725	8.93	0	0	0	-0.461615	0	0	-0.855428	3.96438	-1.25187	0	3.01	3.01	1	

0.00775	8.93	0	0	0	-0.461615	0	0	-0.855428	3.96438	-1.25187	0	3.01	3.01	1	

0.007775	8.93	0	0	0	-0.461615	0	0	-0.855428	3.96438	-1.25187	0	3.01	3.01	1	

0.0078	8.93	0	0	0	-0.461615	0	0	-0.855428	3.96438	-1.25187	0	3.01	3.01	1	

0.007825	8.93	0	0	0	-0.461615	0	0	-0.855428	3.96438	-1.25187	0	3.01	3.01	1	

0.00785	8.93	0	0	0	-0.461615	0	0	-0.855428	3.96438	-1.25187	0	3.01	3.01	1	

0.007875	8.93	0	0	0	-0.461615	0	0	-0.855428	3.96438	-1.25187	0	3.01	3.01	1	

0.0079	8.93	0	0	0	-0.461615	0	0	-0.855428	3.96438	-1.25187	0	3.01	3.01	1	

0.007925	8.93	0	0	0	-0.461615	0	0	-0.855428	3.96438	-1.25187	0	3.01	3.01	1	

0.00795	8.93	0	0	0	-0.461615	0	0	-0.855428	3.96438	-1.25187	0	3.01	3.01	1	

0.007975	8.93	0	0	0	-0.461615	0	0	-0.855428	3.96438	-1.25187	0	3.01	3.01	1	

0.008	8.93	0	0	0	-0.461615	0	0	-0.855428	3.96438	-1.25187	0	3.01	3.01	1	

0.008025	8.93	0	0	0	-0.461615	0	0	-0.855428	3.96438	-1.25187	0	3.01	3.01	1	

0.00805	8.93	0	0	0	-0.461615	0	0	-0.855428	3.96438	-1.25187	0	3.01	3.01	1	

0.008075	8.93	0	0	0	-0.461615	0	0	-0.855428	3.96438	-1.25187	0	3.01	3.01	1	

0.0081	8.93	0	0	0	-0.461615	0	0	-0.855428	3.96438	-1.25187	0	3.01	3.01	1	

0.008125	8.93	0	0	0	-0.461615	0	0	-0.855428	3.96438	-1.25187	0	3.01	3.01	1	

0.00815	8.93	0	0	0	-0.461615	0	0	-0.855428	3.96438	-1.25187	0	3.01	3.01	1	

0.008175	8.93	0	0	0	-0.461615	0	0	-0.855428	3.96438	-1.25187	0	3.01	3.01	1	

0.0082	8.93	0	0	0	-0.461615	0	0	-0.855428	3.96438	-1.25187	0	3.01	3.01	1	

0.008225	8.93	0	0	0	-0.461615	0	0	-0.855428	3.96438	-1.25187	0	3.01	3.01	1	

0.00825	8.93	0	0	0	-0.461615	0	0	-0.855428	3.96438	-1.25187	0	3.01	3.01	1	

0.008275	8.93	0	0	0	-0.461615	0	0	-0.855428	3.96438	-1.25187	0	3.01	3.01	1	

0.0083	8.93	0	0	0	-0.461615	0	0	-0.855428	3.96438	-1.25187	0	3.01	3.01	1	

0.008325	8.93	0	0	0	-0.461615	0	0	-0.855428	3.96438	-1.25187	0	3.01	3.01	1	

0.00835	8.93	0	0	0	-0.461615	0	0	-0.855428	3.96438	-1.25187	0	3.01	3.01	1	

0.008375	8.93	0	0	0	-0.461615	0	0	-0.855428	3.96438	-1.25187	0	3.01	3.01	1	

0.0084	8.93	0	0	0	-0.461615	0	0	-0.855428	3.96438	-1.25187	0	3.01	3.01	1	

0.008425	8.93	0	0	0	-0.461615	0	0	-0.855428	3.96438	-1.25187	0	3.01	3.01	1	

0.00845	8.93	0	0	0	-0.461615	0	0	-0.855428	3.96438	-1.25187	0	3.01	3.01	1	

0.008475	8.93	0	0	0	-0.461615	0	0	-0.855428	3.96438	-1.25187	0	3.01	3.01	1	

0.0085	8.93	0	0	0	-0.461615	0	0	-0.855428	3.96438	-1.25187	0	3.01	3.01	1	

0.008525	8.93	0	0	0	-0.461615	0	0	-0.855428	3.96438	-1.25187	0	3.01	3.01	1	

0.00855	8.93	0	0	0	-0.461615	0	0	-0.855428	3.96438	-1.25187	0	3.01	3.01	1	

0.008575	8.93	0	0	0	-0.461615	0	0	-0.855428	3.96438	-1.25187	0	3.01	3.01	1	

0.0086	8.93	0	0	0	-0.461615	0	0	-0.855428	3.96438	-1.25187	0	3.01	3.01	1	

0.008625	8.93	0	0	0	-0.461615	0	0	-0.855428	3.96438	-1.25187	0	3.01	3.01	1	

0.00865	8.93	0	0	0	-0.461615	0	0	-0.855428	3.96438	-1.25187	0	3.01	3.01	1	

0.008675	8.93	0	0	0	-0.461615	0	0	-0.855428	3.96438	-1.25187	0	3.01	3.01	1	

0.0087	8.93	0	0	0	-0.461615	0	0	-0.855428	3.96438	-1.25187	0	3.01	3.01	1	

0.008725	8.93	0	0	0	-0.461615	0	0	-0.855428	3.96438	-1.25187	0	3.01	3.01	1	

0.00875	8.93	0	0	0	-0.461615	0	0	-0.855428	3.96438	-1.25187	0	3.01	3.01	1	

0.008775	8.93	0	0	0	-0.461615	0	0	-0.855428	3.96438	-1.25187	0	3.01	3.01	1	

0.0088	8.93	0	0	0	-0.461615	0	0	-0.855428	3.96438	-1.25187	0	3.01	3.01	1	

0.008825	8.93	0	0	0	-0.461615	0	0	-0.855428	3.96438	-1.25187	0	3.01	3.01	1	

0.00885	8.93	0	0	0	-0.461615	0	0	-0.855428	3.96438	-1.25187	0	3.01	3.01	1	

0.008875	8.93	0	0	0	-0.461615	0	0	-0.855428	3.96438	-1.25187	0	3.01	3.01	1	

0.0089	8.93	0	0	0	-0.461615	0	0	-0.855428	3.96438	-1.25187	0	3.01	3.01	1	

0.008925	8.93	0	0	0	-0.461615	0	0	-0.855428	3.96438	-1.25187	0	3.01	3.01	1	

0.00895	8.93	0	0	0	-0.461615	0	0	-0.855428	3.96438	-1.25187	0	3.01	3.01	1	

0.008975	8.93	0	0	0	-0.461615	0	0	-0.855428	3.96438	-1.25187	0	3.01	3.01	1	

0.009	8.93	0	0	0	-0.461615	0	0	-0.855428	3.96438	-1.25187	0	3.01	3.01	1	

0.009025	8.93	0	0	0	-0.461615	0	0	-0.855428	3.96438	-1.25187	0	3.01	3.01	1	

0.00905	8.93	0	0	0	-0.461615	0	0	-0.855428	3.96438	-1.25187	0	3.01	3.01	1	

0.009075	8.93	0	0	0	-0.461615	0	0	-0.855428	3.96438	-1.25187	0	3.01	3.01	1	

0.0091	8.93	0	0	0	-0.461615	0	0	-0.855428	3.96438	-1.25187	0	3.01	3.01	1	

0.009125	8.93	0	0	0	-0.461615	0	0	-0.855428	3.96438	-1.25187	0	3.01	3.01	1	

0.00915	8.93	0	0	0	-0.461615	0	0	-0.855428	3.96438	-1.25187	0	3.01	3.01	1	

0.009175	8.93	0	0	0	-0.461615	0	0	-0.855428	3.96438	-1.25187	0	3.01	3.01	1	

0.0092	8.93	0	0	0	-0.461615	0	0	-0.855428	3.96438	-1.25187	0	3.01	3.01	1	

0.009225	8.93	0	0	0	-0.461615	0	0	-0.855428	3.96438	-1.25187	0	3.01	3.01	1	

0.00925	8.93	0	0	0	-0.461615	0	0	-0.855428	3.96438	-1.25187	0	3.01	3.01	1	

0.009275	8.93	0	0	0	-0.461615	0	0	-0.855428	3.96438	-1.25187	0	3.01	3.01	1	

0.0093	8.93	0	0	0	-0.461615	0	0	-0.855428	3.96438	-1.25187	0	3.01	3.01	1	

0.009325	8.93	0	0	0	-0.461615	0	0	-0.855428	3.96438	-1.25187	0	3.01	3.01	1	

0.00935	8.93	0	0	0	-0.461615	0	0	-0.855428	3.96438	-1.25187	0	3.01	3.01	1	

0.009375	8.93	0	0	0	-0.461615	0	0	-0.855428	3.96438	-1.25187	0	3.01	3.01	1	

0.0094	8.93	0	0	0	-0.461615	0	0	-0.855428	3.96438	-1.25187	0	3.01	3.01	1	

0.009425	8.93	0	0	0	-0.461615	0	0	-0.855428	3.96438	-1.25187	0	3.01	3.01	1	

0.00945	8.93	0	0	0	-0.461615	0	0	-0.855428	3.96438	-1.25187	0	3.01	3.01	1	

0.009475	8.93	0	0	0	-0.461615	0	0	-0.855428	3.96438	-1.25187	0	3.01	3.01	1	

0.0095	8.93	0	0	0	-0.461615	0	0	-0.855428	3.96438	-1.25187	0	3.01	3.01	1	

0.009525	8.93	0	0	0	-0.461615	0	0	-0.855428	3.96438	-1.25187	0	3.01	3.01	1	

0.00955	8.93	0	0	0	-0.461615	0	0	-0.855428	3.96438	-1.25187	0	3.01	3.01	1	

0.009575	8.93	0	0	0	-0.461615	0	0	-0.855428	3.96438	-1.25187	0	3.01	3.01	1	

0.0096	8.93	0	0	0	-0.461615	0	0	-0.855428	3.96438	-1.25187	0	3.01	3.01	1	

0.009625	8.93	0	0	0	-0.461615	0	0	-0.855428	3.96438	-1.25187	0	3.01	3.01	1	

0.00965	8.93	0	0	0	-0.461615	0	0	-0.855428	3.96438	-1.25187	0	3.01	3.01	1	

0.009675	8.93	0	0	0	-0.461615	0	0	-0.855428	3.96438	-1.25187	0	3.01	3.01	1	

0.0097	8.93	0	0	0	-0.461615	0	0	-0.855428	3.96438	-1.25187	0	3.01	3.01	1	

0.009725	8.93	0	0	0	-0.461615	0	0	-0.855428	3.96438	-1.25187	0	3.01	3.01	1	

0.00975	8.93	0	0	0	-0.461615	0	0	-0.855428	3.96438	-1.25187	0	3.01	3.01	1	

0.009775	8.93	0	0	0	-0.461615	0	0	-0.855428	3.96438	-1.25187	0	3.01	3.01	1	

0.0098	8.93	0	0	0	-0.461615	0	0	-0.855428	3.96438	-1.25187	0	3.01	3.01	1	

0.009825	8.93	0	0	0	-0.461615	0	0	-0.855428	3.96438	-1.25187	0	3.01	3.01	1	

0.00985	8.93	0	0	0	-0.461615	0	0	-0.855428	3.96438	-1.25187	0	3.01	3.01	1	

0.009875	8.93	0	0	0	-0.461615	0	0	-0.855428	3.96438	-1.25187	0	3.01	3.01	1	

0.0099	8.93	0	0	0	-0.461615	0	0	-0.855428	3.96438	-1.25187	0	3.01	3.01	1	

0.009925	8.93	0	0	0	-0.461615	0	0	-0.855428	3.96438	-1.25187	0	3.01	3.01	1	

0.00995	8.93	0	0	0	-0.461615	0	0	-0.855428	3.96438	-1.25187	0	3.01	3.01	1	

0.009975	8.93	0	0	0	-0.461615	0	0	-0.855428	3.96438	-1.25187	0	3.01	3.01	1	

