 	density	u_1	u_2	u_3	sigma_11	sigma_12	sigma_13	sigma_22	sigma_23	sigma_33	I1	I2	I3	dI_1	dI_2	dI_3
0	9.11224	0	0.5	1	-31.3338	0.901365	-0.177273	-29.9388	4.24064	-30.3451	1000	3.05165	3.09329	1.04123	

2e-05	9.11224	0	0.5	1	-31.3338	0.901365	-0.177273	-29.9388	4.24064	-30.3451	1000	3.05165	3.09329	1.04123	

4e-05	9.11224	0	0.5	1	-31.3338	0.901365	-0.177273	-29.9388	4.24064	-30.3451	1000	3.05165	3.09329	1.04123	

6e-05	9.11224	0	0.5	1	-31.3338	0.901365	-0.177273	-29.9388	4.24064	-30.3451	1000	3.05165	3.09329	1.04123	

8e-05	9.11224	0	0.5	1	-31.3338	0.901365	-0.177273	-29.9388	4.24064	-30.3451	1000	3.05165	3.09329	1.04123	

0.0001	9.11224	0	0.5	1	-31.3338	0.901365	-0.177273	-29.9388	4.24064	-30.3451	1000	3.05165	3.09329	1.04123	

0.00012	9.11224	0	0.5	1	-31.3338	0.901365	-0.177273	-29.9388	4.24064	-30.3451	1000	3.05165	3.09329	1.04123	

0.00014	9.11224	0	0.5	1	-31.3338	0.901365	-0.177273	-29.9388	4.24064	-30.3451	1000	3.05165	3.09329	1.04123	

0.00016	9.11224	0	0.5	1	-31.3338	0.901365	-0.177273	-29.9388	4.24064	-30.3451	1000	3.05165	3.09329	1.04123	

0.00018	9.11224	0	0.5	1	-31.3338	0.901365	-0.177273	-29.9388	4.24064	-30.3451	1000	3.05165	3.09329	1.04123	

0.0002	9.11224	0	0.5	1	-31.3338	0.901365	-0.177273	-29.9388	4.24064	-30.3451	1000	3.05165	3.09329	1.04123	

0.00022	9.11224	0	0.5	1	-31.3338	0.901365	-0.177273	-29.9388	4.24064	-30.3451	1000	3.05165	3.09329	1.04123	

0.00024	9.11224	0	0.5	1	-31.3338	0.901365	-0.177273	-29.9388	4.24064	-30.3451	1000	3.05165	3.09329	1.04123	

0.00026	9.11224	0	0.5	1	-31.3338	0.901365	-0.177273	-29.9388	4.24064	-30.3451	1000	3.05165	3.09329	1.04123	

0.00028	9.11224	0	0.5	1	-31.3338	0.901365	-0.177273	-29.9388	4.24064	-30.3451	1000	3.05165	3.09329	1.04123	

0.0003	9.11224	0	0.5	1	-31.3338	0.901365	-0.177273	-29.9388	4.24064	-30.3451	1000	3.05165	3.09329	1.04123	

0.00032	9.11224	0	0.5	1	-31.3338	0.901365	-0.177273	-29.9388	4.24064	-30.3451	1000	3.05165	3.09329	1.04123	

0.00034	9.11224	0	0.5	1	-31.3338	0.901365	-0.177273	-29.9388	4.24064	-30.3451	1000	3.05165	3.09329	1.04123	

0.00036	9.11224	0	0.5	1	-31.3338	0.901365	-0.177273	-29.9388	4.24064	-30.3451	1000	3.05165	3.09329	1.04123	

0.00038	9.11224	0	0.5	1	-31.3338	0.901365	-0.177273	-29.9388	4.24064	-30.3451	1000	3.05165	3.09329	1.04123	

0.0004	9.11224	0	0.5	1	-31.3338	0.901365	-0.177273	-29.9388	4.24064	-30.3451	1000	3.05165	3.09329	1.04123	

0.00042	9.11224	0	0.5	1	-31.3338	0.901365	-0.177273	-29.9388	4.24064	-30.3451	1000	3.05165	3.09329	1.04123	

0.00044	9.11224	0	0.5	1	-31.3338	0.901365	-0.177273	-29.9388	4.24064	-30.3451	1000	3.05165	3.09329	1.04123	

0.00046	9.11224	0	0.5	1	-31.3338	0.901365	-0.177273	-29.9388	4.24064	-30.3451	1000	3.05165	3.09329	1.04123	

0.00048	9.11224	0	0.5	1	-31.3338	0.901365	-0.177273	-29.9388	4.24064	-30.3451	1000	3.05165	3.09329	1.04123	

0.0005	9.11224	0	0.5	1	-31.3338	0.901365	-0.177273	-29.9388	4.24064	-30.3451	1000	3.05165	3.09329	1.04123	

0.00052	9.11224	0	0.5	1	-31.3338	0.901365	-0.177273	-29.9388	4.24064	-30.3451	1000	3.05165	3.09329	1.04123	

0.00054	9.11224	0	0.5	1	-31.3338	0.901365	-0.177273	-29.9388	4.24064	-30.3451	1000	3.05165	3.09329	1.04123	

0.00056	9.11224	0	0.5	1	-31.3338	0.901365	-0.177273	-29.9388	4.24064	-30.3451	1000	3.05165	3.09329	1.04123	

0.00058	9.11224	0	0.5	1	-31.3338	0.901365	-0.177273	-29.9388	4.24064	-30.3451	1000	3.05165	3.09329	1.04123	

0.0006	9.11224	0	0.5	1	-31.3338	0.901365	-0.177273	-29.9388	4.24064	-30.3451	1000	3.05165	3.09329	1.04123	

0.00062	9.11224	0	0.5	1	-31.3338	0.901365	-0.177273	-29.9388	4.24064	-30.3451	1000	3.05165	3.09329	1.04123	

0.00064	9.11224	0	0.5	1	-31.3338	0.901365	-0.177273	-29.9388	4.24064	-30.3451	1000	3.05165	3.09329	1.04123	

0.00066	9.11224	0	0.5	1	-31.3338	0.901365	-0.177273	-29.9388	4.24064	-30.3451	1000	3.05165	3.09329	1.04123	

0.00068	9.11224	0	0.5	1	-31.3338	0.901365	-0.177273	-29.9388	4.24064	-30.3451	1000	3.05165	3.09329	1.04123	

0.0007	9.11224	0	0.5	1	-31.3338	0.901365	-0.177273	-29.9388	4.24064	-30.3451	1000	3.05165	3.09329	1.04123	

0.00072	9.11224	0	0.5	1	-31.3338	0.901365	-0.177273	-29.9388	4.24064	-30.3451	1000	3.05165	3.09329	1.04123	

0.00074	9.11224	0	0.5	1	-31.3338	0.901365	-0.177273	-29.9388	4.24064	-30.3451	1000	3.05165	3.09329	1.04123	

0.00076	9.11224	0	0.5	1	-31.3338	0.901365	-0.177273	-29.9388	4.24064	-30.3451	1000	3.05165	3.09329	1.04123	

0.00078	9.11224	0	0.5	1	-31.3338	0.901365	-0.177273	-29.9388	4.24064	-30.3451	1000	3.05165	3.09329	1.04123	

0.0008	9.11224	0	0.5	1	-31.3338	0.901365	-0.177273	-29.9388	4.24064	-30.3451	1000	3.05165	3.09329	1.04123	

0.00082	9.11224	0	0.5	1	-31.3338	0.901365	-0.177273	-29.9388	4.24064	-30.3451	1000	3.05165	3.09329	1.04123	

0.00084	9.11224	0	0.5	1	-31.3338	0.901365	-0.177273	-29.9388	4.24064	-30.3451	1000	3.05165	3.09329	1.04123	

0.00086	9.11224	0	0.5	1	-31.3338	0.901365	-0.177273	-29.9388	4.24064	-30.3451	1000	3.05165	3.09329	1.04123	

0.00088	9.11224	0	0.5	1	-31.3338	0.901365	-0.177273	-29.9388	4.24064	-30.3451	1000	3.05165	3.09329	1.04123	

0.0009	9.11224	0	0.5	1	-31.3338	0.901365	-0.177273	-29.9388	4.24064	-30.3451	1000	3.05165	3.09329	1.04123	

0.00092	9.11224	0	0.5	1	-31.3338	0.901365	-0.177273	-29.9388	4.24064	-30.3451	1000	3.05165	3.09329	1.04123	

0.00094	9.11224	0	0.5	1	-31.3338	0.901365	-0.177273	-29.9388	4.24064	-30.3451	1000	3.05165	3.09329	1.04123	

0.00096	9.11224	0	0.5	1	-31.3338	0.901365	-0.177273	-29.9388	4.24064	-30.3451	1000	3.05165	3.09329	1.04123	

0.00098	9.11224	0	0.5	1	-31.3338	0.901365	-0.177273	-29.9388	4.24064	-30.3451	1000	3.05165	3.09329	1.04123	

0.001	9.11224	0	0.5	1	-31.3338	0.901365	-0.177273	-29.9388	4.24064	-30.3451	1000	3.05165	3.09329	1.04123	

0.00102	9.11224	0	0.5	1	-31.3338	0.901365	-0.177273	-29.9388	4.24064	-30.3451	1000	3.05165	3.09329	1.04123	

0.00104	9.11224	0	0.5	1	-31.3338	0.901365	-0.177273	-29.9388	4.24064	-30.3451	1000	3.05165	3.09329	1.04123	

0.00106	9.11224	0	0.5	1	-31.3338	0.901365	-0.177273	-29.9388	4.24064	-30.3451	1000	3.05165	3.09329	1.04123	

0.00108	9.11224	0	0.5	1	-31.3338	0.901365	-0.177273	-29.9388	4.24064	-30.3451	1000	3.05165	3.09329	1.04123	

0.0011	9.11224	0	0.5	1	-31.3338	0.901365	-0.177273	-29.9388	4.24064	-30.3451	1000	3.05165	3.09329	1.04123	

0.00112	9.11224	0	0.5	1	-31.3338	0.901365	-0.177273	-29.9388	4.24064	-30.3451	1000	3.05165	3.09329	1.04123	

0.00114	9.11224	0	0.5	1	-31.3338	0.901365	-0.177273	-29.9388	4.24064	-30.3451	1000	3.05165	3.09329	1.04123	

0.00116	9.11224	0	0.5	1	-31.3338	0.901365	-0.177273	-29.9388	4.24064	-30.3451	1000	3.05165	3.09329	1.04123	

0.00118	9.11224	0	0.5	1	-31.3338	0.901365	-0.177273	-29.9388	4.24064	-30.3451	1000	3.05165	3.09329	1.04123	

0.0012	9.11224	0	0.5	1	-31.3338	0.901365	-0.177273	-29.9388	4.24064	-30.3451	1000	3.05165	3.09329	1.04123	

0.00122	9.11224	0	0.5	1	-31.3338	0.901365	-0.177273	-29.9388	4.24064	-30.3451	1000	3.05165	3.09329	1.04123	

0.00124	9.11224	0	0.5	1	-31.3338	0.901365	-0.177273	-29.9388	4.24064	-30.3451	1000	3.05165	3.09329	1.04123	

0.00126	9.11224	0	0.5	1	-31.3338	0.901365	-0.177273	-29.9388	4.24064	-30.3451	1000	3.05165	3.09329	1.04123	

0.00128	9.11224	0	0.5	1	-31.3338	0.901365	-0.177273	-29.9388	4.24064	-30.3451	1000	3.05165	3.09329	1.04123	

0.0013	9.11224	0	0.5	1	-31.3338	0.901365	-0.177273	-29.9388	4.24064	-30.3451	1000	3.05165	3.09329	1.04123	

0.00132	9.11224	0	0.5	1	-31.3338	0.901365	-0.177273	-29.9388	4.24064	-30.3451	1000	3.05165	3.09329	1.04123	

0.00134	9.11224	0	0.5	1	-31.3338	0.901365	-0.177273	-29.9388	4.24064	-30.3451	1000	3.05165	3.09329	1.04123	

0.00136	9.11224	0	0.5	1	-31.3338	0.901365	-0.177273	-29.9388	4.24064	-30.3451	1000	3.05165	3.09329	1.04123	

0.00138	9.11224	0	0.5	1	-31.3338	0.901365	-0.177273	-29.9388	4.24064	-30.3451	1000	3.05165	3.09329	1.04123	

0.0014	9.11224	0	0.5	1	-31.3338	0.901365	-0.177273	-29.9388	4.24064	-30.3451	1000	3.05165	3.09329	1.04123	

0.00142	9.11224	0	0.5	1	-31.3338	0.901365	-0.177273	-29.9388	4.24064	-30.3451	1000	3.05165	3.09329	1.04123	

0.00144	9.11224	0	0.5	1	-31.3338	0.901365	-0.177273	-29.9388	4.24064	-30.3451	1000	3.05165	3.09329	1.04123	

0.00146	9.11224	0	0.5	1	-31.3338	0.901365	-0.177273	-29.9388	4.24064	-30.3451	1000	3.05165	3.09329	1.04123	

0.00148	9.11224	0	0.5	1	-31.3338	0.901365	-0.177273	-29.9388	4.24064	-30.3451	1000	3.05165	3.09329	1.04123	

0.0015	9.11224	0	0.5	1	-31.3338	0.901365	-0.177273	-29.9388	4.24064	-30.3451	1000	3.05165	3.09329	1.04123	

0.00152	9.11224	0	0.5	1	-31.3338	0.901365	-0.177273	-29.9388	4.24064	-30.3451	1000	3.05165	3.09329	1.04123	

0.00154	9.11224	0	0.5	1	-31.3338	0.901365	-0.177273	-29.9388	4.24064	-30.3451	1000	3.05165	3.09329	1.04123	

0.00156	9.11224	0	0.5	1	-31.3338	0.901365	-0.177273	-29.9388	4.24064	-30.3451	1000	3.05165	3.09329	1.04123	

0.00158	9.11224	0	0.5	1	-31.3338	0.901365	-0.177273	-29.9388	4.24064	-30.3451	1000	3.05165	3.09329	1.04123	

0.0016	9.11224	0	0.5	1	-31.3338	0.901365	-0.177273	-29.9388	4.24064	-30.3451	1000	3.05165	3.09329	1.04123	

0.00162	9.11224	0	0.5	1	-31.3338	0.901365	-0.177273	-29.9388	4.24064	-30.3451	1000	3.05165	3.09329	1.04123	

0.00164	9.11224	0	0.5	1	-31.3338	0.901365	-0.177273	-29.9388	4.24064	-30.3451	1000	3.05165	3.09329	1.04123	

0.00166	9.11224	0	0.5	1	-31.3338	0.901365	-0.177273	-29.9388	4.24064	-30.3451	1000	3.05165	3.09329	1.04123	

0.00168	9.11224	0	0.5	1	-31.3338	0.901365	-0.177273	-29.9388	4.24064	-30.3451	1000	3.05165	3.09329	1.04123	

0.0017	9.11224	0	0.5	1	-31.3338	0.901365	-0.177273	-29.9388	4.24064	-30.3451	1000	3.05165	3.09329	1.04123	

0.00172	9.11224	0	0.5	1	-31.3338	0.901365	-0.177273	-29.9388	4.24064	-30.3451	1000	3.05165	3.09329	1.04123	

0.00174	9.11224	0	0.5	1	-31.3338	0.901365	-0.177273	-29.9388	4.24064	-30.3451	1000	3.05165	3.09329	1.04123	

0.00176	9.11224	0	0.5	1	-31.3338	0.901365	-0.177273	-29.9388	4.24064	-30.3451	1000	3.05165	3.09329	1.04123	

0.00178	9.11224	0	0.5	1	-31.3338	0.901365	-0.177273	-29.9388	4.24064	-30.3451	1000	3.05165	3.09329	1.04123	

0.0018	9.11224	0	0.5	1	-31.3338	0.901365	-0.177273	-29.9388	4.24064	-30.3451	1000	3.05165	3.09329	1.04123	

0.00182	9.11224	0	0.5	1	-31.3338	0.901365	-0.177273	-29.9388	4.24064	-30.3451	1000	3.05165	3.09329	1.04123	

0.00184	9.11224	0	0.5	1	-31.3338	0.901365	-0.177273	-29.9388	4.24064	-30.3451	1000	3.05165	3.09329	1.04123	

0.00186	9.11224	0	0.5	1	-31.3338	0.901365	-0.177273	-29.9388	4.24064	-30.3451	1000	3.05165	3.09329	1.04123	

0.00188	9.11224	0	0.5	1	-31.3338	0.901365	-0.177273	-29.9388	4.24064	-30.3451	1000	3.05165	3.09329	1.04123	

0.0019	9.11224	0	0.5	1	-31.3338	0.901365	-0.177273	-29.9388	4.24064	-30.3451	1000	3.05165	3.09329	1.04123	

0.00192	9.11224	0	0.5	1	-31.3338	0.901365	-0.177273	-29.9388	4.24064	-30.3451	1000	3.05165	3.09329	1.04123	

0.00194	9.11224	0	0.5	1	-31.3338	0.901365	-0.177273	-29.9388	4.24064	-30.3451	1000	3.05165	3.09329	1.04123	

0.00196	9.11224	0	0.5	1	-31.3338	0.901365	-0.177273	-29.9388	4.24064	-30.3451	1000	3.05165	3.09329	1.04123	

0.00198	9.11224	0	0.5	1	-31.3338	0.901365	-0.177273	-29.9388	4.24064	-30.3451	1000	3.05165	3.09329	1.04123	

0.002	9.11224	0	0.5	1	-31.3338	0.901365	-0.177273	-29.9388	4.24064	-30.3451	1000	3.05165	3.09329	1.04123	

0.00202	9.11224	0	0.5	1	-31.3338	0.901365	-0.177273	-29.9388	4.24064	-30.3451	1000	3.05165	3.09329	1.04123	

0.00204	9.11224	0	0.5	1	-31.3338	0.901365	-0.177273	-29.9388	4.24064	-30.3451	1000	3.05165	3.09329	1.04123	

0.00206	9.11224	0	0.5	1	-31.3338	0.901365	-0.177273	-29.9388	4.24064	-30.3451	1000	3.05165	3.09329	1.04123	

0.00208	9.11224	0	0.5	1	-31.3338	0.901365	-0.177273	-29.9388	4.24064	-30.3451	1000	3.05165	3.09329	1.04123	

0.0021	9.11224	0	0.5	1	-31.3338	0.901365	-0.177273	-29.9388	4.24064	-30.3451	1000	3.05165	3.09329	1.04123	

0.00212	9.11224	0	0.5	1	-31.3338	0.901365	-0.177273	-29.9388	4.24064	-30.3451	1000	3.05165	3.09329	1.04123	

0.00214	9.11224	0	0.5	1	-31.3338	0.901365	-0.177273	-29.9388	4.24064	-30.3451	1000	3.05165	3.09329	1.04123	

0.00216	9.11224	0	0.5	1	-31.3338	0.901365	-0.177273	-29.9388	4.24064	-30.3451	1000	3.05165	3.09329	1.04123	

0.00218	9.11224	0	0.5	1	-31.3338	0.901365	-0.177273	-29.9388	4.24064	-30.3451	1000	3.05165	3.09329	1.04123	

0.0022	9.11224	0	0.5	1	-31.3338	0.901365	-0.177273	-29.9388	4.24064	-30.3451	1000	3.05165	3.09329	1.04123	

0.00222	9.11224	0	0.5	1	-31.3338	0.901365	-0.177273	-29.9388	4.24064	-30.3451	1000	3.05165	3.09329	1.04123	

0.00224	9.11224	0	0.5	1	-31.3338	0.901365	-0.177273	-29.9388	4.24064	-30.3451	1000	3.05165	3.09329	1.04123	

0.00226	9.11224	0	0.5	1	-31.3338	0.901365	-0.177273	-29.9388	4.24064	-30.3451	1000	3.05165	3.09329	1.04123	

0.00228	9.11224	0	0.5	1	-31.3338	0.901365	-0.177273	-29.9388	4.24064	-30.3451	1000	3.05165	3.09329	1.04123	

0.0023	9.11224	0	0.5	1	-31.3338	0.901365	-0.177273	-29.9388	4.24064	-30.3451	1000	3.05165	3.09329	1.04123	

0.00232	9.11224	0	0.5	1	-31.3338	0.901365	-0.177273	-29.9388	4.24064	-30.3451	1000	3.05165	3.09329	1.04123	

0.00234	9.11224	0	0.5	1	-31.3338	0.901365	-0.177273	-29.9388	4.24064	-30.3451	1000	3.05165	3.09329	1.04123	

0.00236	9.11224	0	0.5	1	-31.3338	0.901365	-0.177273	-29.9388	4.24064	-30.3451	1000	3.05165	3.09329	1.04123	

0.00238	9.11224	0	0.5	1	-31.3338	0.901365	-0.177273	-29.9388	4.24064	-30.3451	1000	3.05165	3.09329	1.04123	

0.0024	9.11224	0	0.5	1	-31.3338	0.901365	-0.177273	-29.9388	4.24064	-30.3451	1000	3.05165	3.09329	1.04123	

0.00242	9.11224	0	0.5	1	-31.3338	0.901365	-0.177273	-29.9388	4.24064	-30.3451	1000	3.05165	3.09329	1.04123	

0.00244	9.11224	0	0.5	1	-31.3338	0.901365	-0.177273	-29.9388	4.24064	-30.3451	1000	3.05165	3.09329	1.04123	

0.00246	9.11224	0	0.5	1	-31.3338	0.901365	-0.177273	-29.9388	4.24064	-30.3451	1000	3.05165	3.09329	1.04123	

0.00248	9.11224	0	0.5	1	-31.3338	0.901365	-0.177273	-29.9388	4.24064	-30.3451	1000	3.05165	3.09329	1.04123	

0.0025	9.11224	0	0.5	1	-31.3338	0.901365	-0.177273	-29.9388	4.24064	-30.3451	1000	3.05165	3.09329	1.04123	

0.00252	9.11224	0	0.5	1	-31.3338	0.901365	-0.177273	-29.9388	4.24064	-30.3451	1000	3.05165	3.09329	1.04123	

0.00254	9.11224	0	0.5	1	-31.3338	0.901365	-0.177273	-29.9388	4.24064	-30.3451	1000	3.05165	3.09329	1.04123	

0.00256	9.11224	0	0.5	1	-31.3338	0.901365	-0.177273	-29.9388	4.24064	-30.3451	1000	3.05165	3.09329	1.04123	

0.00258	9.11224	0	0.5	1	-31.3338	0.901365	-0.177273	-29.9388	4.24064	-30.3451	1000	3.05165	3.09329	1.04123	

0.0026	9.11224	0	0.5	1	-31.3338	0.901365	-0.177273	-29.9388	4.24064	-30.3451	1000	3.05165	3.09329	1.04123	

0.00262	9.11224	0	0.5	1	-31.3338	0.901365	-0.177273	-29.9388	4.24064	-30.3451	1000	3.05165	3.09329	1.04123	

0.00264	9.11224	0	0.5	1	-31.3338	0.901365	-0.177273	-29.9388	4.24064	-30.3451	1000	3.05165	3.09329	1.04123	

0.00266	9.11224	0	0.5	1	-31.3338	0.901365	-0.177273	-29.9388	4.24064	-30.3451	1000	3.05165	3.09329	1.04123	

0.00268	9.11224	0	0.5	1	-31.3338	0.901365	-0.177273	-29.9388	4.24064	-30.3451	1000	3.05165	3.09329	1.04123	

0.0027	9.11224	0	0.5	1	-31.3338	0.901365	-0.177273	-29.9388	4.24064	-30.3451	1000	3.05165	3.09329	1.04123	

0.00272	9.11224	0	0.5	1	-31.3338	0.901365	-0.177273	-29.9388	4.24064	-30.3451	1000	3.05165	3.09329	1.04123	

0.00274	9.11224	0	0.5	1	-31.3338	0.901365	-0.177273	-29.9388	4.24064	-30.3451	1000	3.05165	3.09329	1.04123	

0.00276	9.11224	0	0.5	1	-31.3338	0.901365	-0.177273	-29.9388	4.24064	-30.3451	1000	3.05165	3.09329	1.04123	

0.00278	9.11224	0	0.5	1	-31.3338	0.901365	-0.177273	-29.9388	4.24064	-30.3451	1000	3.05165	3.09329	1.04123	

0.0028	9.11224	0	0.5	1	-31.3338	0.901365	-0.177273	-29.9388	4.24064	-30.3451	1000	3.05165	3.09329	1.04123	

0.00282	9.11224	0	0.5	1	-31.3338	0.901365	-0.177273	-29.9388	4.24064	-30.3451	1000	3.05165	3.09329	1.04123	

0.00284	9.11224	0	0.5	1	-31.3338	0.901365	-0.177273	-29.9388	4.24064	-30.3451	1000	3.05165	3.09329	1.04123	

0.00286	9.11224	0	0.5	1	-31.3338	0.901365	-0.177273	-29.9388	4.24064	-30.3451	1000	3.05165	3.09329	1.04123	

0.00288	9.11224	0	0.5	1	-31.3338	0.901365	-0.177273	-29.9388	4.24064	-30.3451	1000	3.05165	3.09329	1.04123	

0.0029	9.11224	0	0.5	1	-31.3338	0.901365	-0.177273	-29.9388	4.24064	-30.3451	1000	3.05165	3.09329	1.04123	

0.00292	9.11224	0	0.5	1	-31.3338	0.901365	-0.177273	-29.9388	4.24064	-30.3451	1000	3.05165	3.09329	1.04123	

0.00294	9.11224	0	0.5	1	-31.3338	0.901365	-0.177273	-29.9388	4.24064	-30.3451	1000	3.05165	3.09329	1.04123	

0.00296	9.11224	0	0.5	1	-31.3338	0.901365	-0.177273	-29.9388	4.24064	-30.3451	1000	3.05165	3.09329	1.04123	

0.00298	9.11224	0	0.5	1	-31.3338	0.901365	-0.177273	-29.9388	4.24064	-30.3451	1000	3.05165	3.09329	1.04123	

0.003	9.11224	0	0.5	1	-31.3338	0.901365	-0.177273	-29.9388	4.24064	-30.3451	1000	3.05165	3.09329	1.04123	

0.00302	9.11224	0	0.5	1	-31.3338	0.901365	-0.177273	-29.9388	4.24064	-30.3451	1000	3.05165	3.09329	1.04123	

0.00304	9.11224	0	0.5	1	-31.3338	0.901365	-0.177273	-29.9388	4.24064	-30.3451	1000	3.05165	3.09329	1.04123	

0.00306	9.11224	0	0.5	1	-31.3338	0.901365	-0.177273	-29.9388	4.24064	-30.3451	1000	3.05165	3.09329	1.04123	

0.00308	9.11224	0	0.5	1	-31.3338	0.901365	-0.177273	-29.9388	4.24064	-30.3451	1000	3.05165	3.09329	1.04123	

0.0031	9.11224	0	0.5	1	-31.3338	0.901365	-0.177273	-29.9388	4.24064	-30.3451	1000	3.05165	3.09329	1.04123	

0.00312	9.11224	0	0.5	1	-31.3338	0.901365	-0.177273	-29.9388	4.24064	-30.3451	1000	3.05165	3.09329	1.04123	

0.00314	9.11224	0	0.5	1	-31.3338	0.901365	-0.177273	-29.9388	4.24064	-30.3451	1000	3.05165	3.09329	1.04123	

0.00316	9.11224	0	0.5	1	-31.3338	0.901365	-0.177273	-29.9388	4.24064	-30.3451	1000	3.05165	3.09329	1.04123	

0.00318	9.11224	0	0.5	1	-31.3338	0.901365	-0.177273	-29.9388	4.24064	-30.3451	1000	3.05165	3.09329	1.04123	

0.0032	9.11224	0	0.5	1	-31.3338	0.901365	-0.177273	-29.9388	4.24064	-30.3451	1000	3.05165	3.09329	1.04123	

0.00322	9.11224	0	0.5	1	-31.3338	0.901365	-0.177273	-29.9388	4.24064	-30.3451	1000	3.05165	3.09329	1.04123	

0.00324	9.11224	0	0.5	1	-31.3338	0.901365	-0.177273	-29.9388	4.24064	-30.3451	1000	3.05165	3.09329	1.04123	

0.00326	9.11224	0	0.5	1	-31.3338	0.901365	-0.177273	-29.9388	4.24064	-30.3451	1000	3.05165	3.09329	1.04123	

0.00328	9.11224	0	0.5	1	-31.3338	0.901365	-0.177273	-29.9388	4.24064	-30.3451	1000	3.05165	3.09329	1.04123	

0.0033	9.11224	0	0.5	1	-31.3338	0.901365	-0.177273	-29.9388	4.24064	-30.3451	1000	3.05165	3.09329	1.04123	

0.00332	9.11224	0	0.5	1	-31.3338	0.901365	-0.177273	-29.9388	4.24064	-30.3451	1000	3.05165	3.09329	1.04123	

0.00334	9.11224	0	0.5	1	-31.3338	0.901365	-0.177273	-29.9388	4.24064	-30.3451	1000	3.05165	3.09329	1.04123	

0.00336	9.11224	0	0.5	1	-31.3338	0.901365	-0.177273	-29.9388	4.24064	-30.3451	1000	3.05165	3.09329	1.04123	

0.00338	9.11224	0	0.5	1	-31.3338	0.901365	-0.177273	-29.9388	4.24064	-30.3451	1000	3.05165	3.09329	1.04123	

0.0034	9.11224	0	0.5	1	-31.3338	0.901365	-0.177273	-29.9388	4.24064	-30.3451	1000	3.05165	3.09329	1.04123	

0.00342	9.11224	0	0.5	1	-31.3338	0.901365	-0.177273	-29.9388	4.24064	-30.3451	1000	3.05165	3.09329	1.04123	

0.00344	9.11224	0	0.5	1	-31.3338	0.901365	-0.177273	-29.9388	4.24064	-30.3451	1000	3.05165	3.09329	1.04123	

0.00346	9.11224	0	0.5	1	-31.3338	0.901365	-0.177273	-29.9388	4.24064	-30.3451	1000	3.05165	3.09329	1.04123	

0.00348	9.11224	0	0.5	1	-31.3338	0.901365	-0.177273	-29.9388	4.24064	-30.3451	1000	3.05165	3.09329	1.04123	

0.0035	9.11224	0	0.5	1	-31.3338	0.901365	-0.177273	-29.9388	4.24064	-30.3451	1000	3.05165	3.09329	1.04123	

0.00352	9.11224	0	0.5	1	-31.3338	0.901365	-0.177273	-29.9388	4.24064	-30.3451	1000	3.05165	3.09329	1.04123	

0.00354	9.11224	0	0.5	1	-31.3338	0.901365	-0.177273	-29.9388	4.24064	-30.3451	1000	3.05165	3.09329	1.04123	

0.00356	9.11224	0	0.5	1	-31.3338	0.901365	-0.177273	-29.9388	4.24064	-30.3451	1000	3.05165	3.09329	1.04123	

0.00358	9.11224	0	0.5	1	-31.3338	0.901365	-0.177273	-29.9388	4.24064	-30.3451	1000	3.05165	3.09329	1.04123	

0.0036	9.11224	0	0.5	1	-31.3338	0.901365	-0.177273	-29.9388	4.24064	-30.3451	1000	3.05165	3.09329	1.04123	

0.00362	9.11224	0	0.5	1	-31.3338	0.901365	-0.177273	-29.9388	4.24064	-30.3451	1000	3.05165	3.09329	1.04123	

0.00364	9.11224	0	0.5	1	-31.3338	0.901365	-0.177273	-29.9388	4.24064	-30.3451	1000	3.05165	3.09329	1.04123	

0.00366	9.11224	0	0.5	1	-31.3338	0.901365	-0.177273	-29.9388	4.24064	-30.3451	1000	3.05165	3.09329	1.04123	

0.00368	9.11224	0	0.5	1	-31.3338	0.901365	-0.177273	-29.9388	4.24064	-30.3451	1000	3.05165	3.09329	1.04123	

0.0037	9.11224	0	0.5	1	-31.3338	0.901365	-0.177273	-29.9388	4.24064	-30.3451	1000	3.05165	3.09329	1.04123	

0.00372	9.11224	0	0.5	1	-31.3338	0.901365	-0.177273	-29.9388	4.24064	-30.3451	1000	3.05165	3.09329	1.04123	

0.00374	9.11224	0	0.5	1	-31.3338	0.901365	-0.177273	-29.9388	4.24064	-30.3451	1000	3.05165	3.09329	1.04123	

0.00376	9.11224	0	0.5	1	-31.3338	0.901365	-0.177273	-29.9388	4.24064	-30.3451	1000	3.05165	3.09329	1.04123	

0.00378	9.11224	0	0.5	1	-31.3338	0.901365	-0.177273	-29.9388	4.24064	-30.3451	1000	3.05165	3.09329	1.04123	

0.0038	9.11224	0	0.5	1	-31.3338	0.901365	-0.177273	-29.9388	4.24064	-30.3451	1000	3.05165	3.09329	1.04123	

0.00382	9.11224	0	0.5	1	-31.3338	0.901365	-0.177273	-29.9388	4.24064	-30.3451	1000	3.05165	3.09329	1.04123	

0.00384	9.11224	0	0.5	1	-31.3338	0.901365	-0.177273	-29.9388	4.24064	-30.3451	1000	3.05165	3.09329	1.04123	

0.00386	9.11224	0	0.5	1	-31.3338	0.901365	-0.177273	-29.9388	4.24064	-30.3451	1000	3.05165	3.09329	1.04123	

0.00388	9.11224	0	0.5	1	-31.3338	0.901365	-0.177273	-29.9388	4.24064	-30.3451	1000	3.05165	3.09329	1.04123	

0.0039	9.11224	0	0.5	1	-31.3338	0.901365	-0.177273	-29.9388	4.24064	-30.3451	1000	3.05165	3.09329	1.04123	

0.00392	9.11224	0	0.5	1	-31.3338	0.901365	-0.177273	-29.9388	4.24064	-30.3451	1000	3.05165	3.09329	1.04123	

0.00394	9.11224	0	0.5	1	-31.3338	0.901365	-0.177273	-29.9388	4.24064	-30.3451	1000	3.05165	3.09329	1.04123	

0.00396	9.11224	0	0.5	1	-31.3338	0.901365	-0.177273	-29.9388	4.24064	-30.3451	1000	3.05165	3.09329	1.04123	

0.00398	9.11224	0	0.5	1	-31.3338	0.901365	-0.177273	-29.9388	4.24064	-30.3451	1000	3.05165	3.09329	1.04123	

0.004	9.11224	0	0.5	1	-31.3338	0.901365	-0.177273	-29.9388	4.24064	-30.3451	1000	3.05165	3.09329	1.04123	

0.00402	9.11224	0	0.5	1	-31.3338	0.901365	-0.177273	-29.9388	4.24064	-30.3451	1000	3.05165	3.09329	1.04123	

0.00404	9.11224	0	0.5	1	-31.3338	0.901365	-0.177273	-29.9388	4.24064	-30.3451	1000	3.05165	3.09329	1.04123	

0.00406	9.11224	0	0.5	1	-31.3338	0.901365	-0.177273	-29.9388	4.24064	-30.3451	1000	3.05165	3.09329	1.04123	

0.00408	9.11224	0	0.5	1	-31.3338	0.901365	-0.177273	-29.9388	4.24064	-30.3451	1000	3.05165	3.09329	1.04123	

0.0041	9.11224	0	0.5	1	-31.3338	0.901365	-0.177273	-29.9388	4.24064	-30.3451	1000	3.05165	3.09329	1.04123	

0.00412	9.11224	0	0.5	1	-31.3338	0.901365	-0.177273	-29.9388	4.24064	-30.3451	1000	3.05165	3.09329	1.04123	

0.00414	9.11224	0	0.5	1	-31.3338	0.901365	-0.177273	-29.9388	4.24064	-30.3451	1000	3.05165	3.09329	1.04123	

0.00416	9.11224	0	0.5	1	-31.3338	0.901365	-0.177273	-29.9388	4.24064	-30.3451	1000	3.05165	3.09329	1.04123	

0.00418	9.11224	0	0.5	1	-31.3338	0.901365	-0.177273	-29.9388	4.24064	-30.3451	1000	3.05165	3.09329	1.04123	

0.0042	9.11224	0	0.5	1	-31.3338	0.901365	-0.177273	-29.9388	4.24064	-30.3451	1000	3.05165	3.09329	1.04123	

0.00422	9.11224	0	0.5	1	-31.3338	0.901365	-0.177273	-29.9388	4.24064	-30.3451	1000	3.05165	3.09329	1.04123	

0.00424	9.11224	0	0.5	1	-31.3338	0.901365	-0.177273	-29.9388	4.24064	-30.3451	1000	3.05165	3.09329	1.04123	

0.00426	9.11224	0	0.5	1	-31.3338	0.901365	-0.177273	-29.9388	4.24064	-30.3451	1000	3.05165	3.09329	1.04123	

0.00428	9.11224	0	0.5	1	-31.3338	0.901365	-0.177273	-29.9388	4.24064	-30.3451	1000	3.05165	3.09329	1.04123	

0.0043	9.11224	0	0.5	1	-31.3338	0.901365	-0.177273	-29.9388	4.24064	-30.3451	1000	3.05165	3.09329	1.04123	

0.00432	9.11224	0	0.5	1	-31.3338	0.901365	-0.177273	-29.9388	4.24064	-30.3451	1000	3.05165	3.09329	1.04123	

0.00434	9.11224	0	0.5	1	-31.3338	0.901365	-0.177273	-29.9388	4.24064	-30.3451	1000	3.05165	3.09329	1.04123	

0.00436	9.11224	0	0.5	1	-31.3338	0.901365	-0.177273	-29.9388	4.24064	-30.3451	1000	3.05165	3.09329	1.04123	

0.00438	9.11224	0	0.5	1	-31.3338	0.901365	-0.177273	-29.9388	4.24064	-30.3451	1000	3.05165	3.09329	1.04123	

0.0044	9.11224	0	0.5	1	-31.3338	0.901365	-0.177273	-29.9388	4.24064	-30.3451	1000	3.05165	3.09329	1.04123	

0.00442	9.11224	0	0.5	1	-31.3338	0.901365	-0.177273	-29.9388	4.24064	-30.3451	1000	3.05165	3.09329	1.04123	

0.00444	9.11224	0	0.5	1	-31.3338	0.901365	-0.177273	-29.9388	4.24064	-30.3451	1000	3.05165	3.09329	1.04123	

0.00446	9.11224	0	0.5	1	-31.3338	0.901365	-0.177273	-29.9388	4.24064	-30.3451	1000	3.05165	3.09329	1.04123	

0.00448	9.11224	0	0.5	1	-31.3338	0.901365	-0.177273	-29.9388	4.24064	-30.3451	1000	3.05165	3.09329	1.04123	

0.0045	9.11224	0	0.5	1	-31.3338	0.901365	-0.177273	-29.9388	4.24064	-30.3451	1000	3.05165	3.09329	1.04123	

0.00452	9.11224	0	0.5	1	-31.3338	0.901365	-0.177273	-29.9388	4.24064	-30.3451	1000	3.05165	3.09329	1.04123	

0.00454	9.11224	0	0.5	1	-31.3338	0.901365	-0.177273	-29.9388	4.24064	-30.3451	1000	3.05165	3.09329	1.04123	

0.00456	9.11224	0	0.5	1	-31.3338	0.901365	-0.177273	-29.9388	4.24064	-30.3451	1000	3.05165	3.09329	1.04123	

0.00458	9.11224	0	0.5	1	-31.3338	0.901365	-0.177273	-29.9388	4.24064	-30.3451	1000	3.05165	3.09329	1.04123	

0.0046	9.11224	0	0.5	1	-31.3338	0.901365	-0.177273	-29.9388	4.24064	-30.3451	1000	3.05165	3.09329	1.04123	

0.00462	9.11224	0	0.5	1	-31.3338	0.901365	-0.177273	-29.9388	4.24064	-30.3451	1000	3.05165	3.09329	1.04123	

0.00464	9.11224	0	0.5	1	-31.3338	0.901365	-0.177273	-29.9388	4.24064	-30.3451	1000	3.05165	3.09329	1.04123	

0.00466	9.11224	0	0.5	1	-31.3338	0.901365	-0.177273	-29.9388	4.24064	-30.3451	1000	3.05165	3.09329	1.04123	

0.00468	9.11224	0	0.5	1	-31.3338	0.901365	-0.177273	-29.9388	4.24064	-30.3451	1000	3.05165	3.09329	1.04123	

0.0047	9.11224	0	0.5	1	-31.3338	0.901365	-0.177273	-29.9388	4.24064	-30.3451	1000	3.05165	3.09329	1.04123	

0.00472	9.11224	0	0.5	1	-31.3338	0.901365	-0.177273	-29.9388	4.24064	-30.3451	1000	3.05165	3.09329	1.04123	

0.00474	9.11224	0	0.5	1	-31.3338	0.901365	-0.177273	-29.9388	4.24064	-30.3451	1000	3.05165	3.09329	1.04123	

0.00476	9.11224	0	0.5	1	-31.3338	0.901365	-0.177273	-29.9388	4.24064	-30.3451	1000	3.05165	3.09329	1.04123	

0.00478	9.11224	0	0.5	1	-31.3338	0.901365	-0.177273	-29.9388	4.24064	-30.3451	1000	3.05165	3.09329	1.04123	

0.0048	9.11224	0	0.5	1	-31.3338	0.901365	-0.177273	-29.9388	4.24064	-30.3451	1000	3.05165	3.09329	1.04123	

0.00482	9.11224	0	0.5	1	-31.3338	0.901365	-0.177273	-29.9388	4.24064	-30.3451	1000	3.05165	3.09329	1.04123	

0.00484	9.11224	0	0.5	1	-31.3338	0.901365	-0.177273	-29.9388	4.24064	-30.3451	1000	3.05165	3.09329	1.04123	

0.00486	9.11224	0	0.5	1	-31.3338	0.901365	-0.177273	-29.9388	4.24064	-30.3451	1000	3.05165	3.09329	1.04123	

0.00488	9.11224	0	0.5	1	-31.3338	0.901365	-0.177273	-29.9388	4.24064	-30.3451	1000	3.05165	3.09329	1.04123	

0.0049	9.11224	0	0.5	1	-31.3338	0.901365	-0.177273	-29.9388	4.24064	-30.3451	1000	3.05165	3.09329	1.04123	

0.00492	9.11224	0	0.5	1	-31.3338	0.901365	-0.177273	-29.9388	4.24064	-30.3451	1000	3.05165	3.09329	1.04123	

0.00494	9.11224	0	0.5	1	-31.3338	0.901365	-0.177273	-29.9388	4.24064	-30.3451	1000	3.05165	3.09329	1.04123	

0.00496	9.11224	0	0.5	1	-31.3338	0.901365	-0.177273	-29.9388	4.24064	-30.3451	1000	3.05165	3.09329	1.04123	

0.00498	9.11224	0	0.5	1	-31.3338	0.901365	-0.177273	-29.9388	4.24064	-30.3451	1000	3.05165	3.09329	1.04123	

0.005	8.93	0	0	0	-0.461615	0	0	-0.855428	3.96438	-1.25187	0	3.01	3.01	1	

0.00502	8.93	0	0	0	-0.461615	0	0	-0.855428	3.96438	-1.25187	0	3.01	3.01	1	

0.00504	8.93	0	0	0	-0.461615	0	0	-0.855428	3.96438	-1.25187	0	3.01	3.01	1	

0.00506	8.93	0	0	0	-0.461615	0	0	-0.855428	3.96438	-1.25187	0	3.01	3.01	1	

0.00508	8.93	0	0	0	-0.461615	0	0	-0.855428	3.96438	-1.25187	0	3.01	3.01	1	

0.0051	8.93	0	0	0	-0.461615	0	0	-0.855428	3.96438	-1.25187	0	3.01	3.01	1	

0.00512	8.93	0	0	0	-0.461615	0	0	-0.855428	3.96438	-1.25187	0	3.01	3.01	1	

0.00514	8.93	0	0	0	-0.461615	0	0	-0.855428	3.96438	-1.25187	0	3.01	3.01	1	

0.00516	8.93	0	0	0	-0.461615	0	0	-0.855428	3.96438	-1.25187	0	3.01	3.01	1	

0.00518	8.93	0	0	0	-0.461615	0	0	-0.855428	3.96438	-1.25187	0	3.01	3.01	1	

0.0052	8.93	0	0	0	-0.461615	0	0	-0.855428	3.96438	-1.25187	0	3.01	3.01	1	

0.00522	8.93	0	0	0	-0.461615	0	0	-0.855428	3.96438	-1.25187	0	3.01	3.01	1	

0.00524	8.93	0	0	0	-0.461615	0	0	-0.855428	3.96438	-1.25187	0	3.01	3.01	1	

0.00526	8.93	0	0	0	-0.461615	0	0	-0.855428	3.96438	-1.25187	0	3.01	3.01	1	

0.00528	8.93	0	0	0	-0.461615	0	0	-0.855428	3.96438	-1.25187	0	3.01	3.01	1	

0.0053	8.93	0	0	0	-0.461615	0	0	-0.855428	3.96438	-1.25187	0	3.01	3.01	1	

0.00532	8.93	0	0	0	-0.461615	0	0	-0.855428	3.96438	-1.25187	0	3.01	3.01	1	

0.00534	8.93	0	0	0	-0.461615	0	0	-0.855428	3.96438	-1.25187	0	3.01	3.01	1	

0.00536	8.93	0	0	0	-0.461615	0	0	-0.855428	3.96438	-1.25187	0	3.01	3.01	1	

0.00538	8.93	0	0	0	-0.461615	0	0	-0.855428	3.96438	-1.25187	0	3.01	3.01	1	

0.0054	8.93	0	0	0	-0.461615	0	0	-0.855428	3.96438	-1.25187	0	3.01	3.01	1	

0.00542	8.93	0	0	0	-0.461615	0	0	-0.855428	3.96438	-1.25187	0	3.01	3.01	1	

0.00544	8.93	0	0	0	-0.461615	0	0	-0.855428	3.96438	-1.25187	0	3.01	3.01	1	

0.00546	8.93	0	0	0	-0.461615	0	0	-0.855428	3.96438	-1.25187	0	3.01	3.01	1	

0.00548	8.93	0	0	0	-0.461615	0	0	-0.855428	3.96438	-1.25187	0	3.01	3.01	1	

0.0055	8.93	0	0	0	-0.461615	0	0	-0.855428	3.96438	-1.25187	0	3.01	3.01	1	

0.00552	8.93	0	0	0	-0.461615	0	0	-0.855428	3.96438	-1.25187	0	3.01	3.01	1	

0.00554	8.93	0	0	0	-0.461615	0	0	-0.855428	3.96438	-1.25187	0	3.01	3.01	1	

0.00556	8.93	0	0	0	-0.461615	0	0	-0.855428	3.96438	-1.25187	0	3.01	3.01	1	

0.00558	8.93	0	0	0	-0.461615	0	0	-0.855428	3.96438	-1.25187	0	3.01	3.01	1	

0.0056	8.93	0	0	0	-0.461615	0	0	-0.855428	3.96438	-1.25187	0	3.01	3.01	1	

0.00562	8.93	0	0	0	-0.461615	0	0	-0.855428	3.96438	-1.25187	0	3.01	3.01	1	

0.00564	8.93	0	0	0	-0.461615	0	0	-0.855428	3.96438	-1.25187	0	3.01	3.01	1	

0.00566	8.93	0	0	0	-0.461615	0	0	-0.855428	3.96438	-1.25187	0	3.01	3.01	1	

0.00568	8.93	0	0	0	-0.461615	0	0	-0.855428	3.96438	-1.25187	0	3.01	3.01	1	

0.0057	8.93	0	0	0	-0.461615	0	0	-0.855428	3.96438	-1.25187	0	3.01	3.01	1	

0.00572	8.93	0	0	0	-0.461615	0	0	-0.855428	3.96438	-1.25187	0	3.01	3.01	1	

0.00574	8.93	0	0	0	-0.461615	0	0	-0.855428	3.96438	-1.25187	0	3.01	3.01	1	

0.00576	8.93	0	0	0	-0.461615	0	0	-0.855428	3.96438	-1.25187	0	3.01	3.01	1	

0.00578	8.93	0	0	0	-0.461615	0	0	-0.855428	3.96438	-1.25187	0	3.01	3.01	1	

0.0058	8.93	0	0	0	-0.461615	0	0	-0.855428	3.96438	-1.25187	0	3.01	3.01	1	

0.00582	8.93	0	0	0	-0.461615	0	0	-0.855428	3.96438	-1.25187	0	3.01	3.01	1	

0.00584	8.93	0	0	0	-0.461615	0	0	-0.855428	3.96438	-1.25187	0	3.01	3.01	1	

0.00586	8.93	0	0	0	-0.461615	0	0	-0.855428	3.96438	-1.25187	0	3.01	3.01	1	

0.00588	8.93	0	0	0	-0.461615	0	0	-0.855428	3.96438	-1.25187	0	3.01	3.01	1	

0.0059	8.93	0	0	0	-0.461615	0	0	-0.855428	3.96438	-1.25187	0	3.01	3.01	1	

0.00592	8.93	0	0	0	-0.461615	0	0	-0.855428	3.96438	-1.25187	0	3.01	3.01	1	

0.00594	8.93	0	0	0	-0.461615	0	0	-0.855428	3.96438	-1.25187	0	3.01	3.01	1	

0.00596	8.93	0	0	0	-0.461615	0	0	-0.855428	3.96438	-1.25187	0	3.01	3.01	1	

0.00598	8.93	0	0	0	-0.461615	0	0	-0.855428	3.96438	-1.25187	0	3.01	3.01	1	

0.006	8.93	0	0	0	-0.461615	0	0	-0.855428	3.96438	-1.25187	0	3.01	3.01	1	

0.00602	8.93	0	0	0	-0.461615	0	0	-0.855428	3.96438	-1.25187	0	3.01	3.01	1	

0.00604	8.93	0	0	0	-0.461615	0	0	-0.855428	3.96438	-1.25187	0	3.01	3.01	1	

0.00606	8.93	0	0	0	-0.461615	0	0	-0.855428	3.96438	-1.25187	0	3.01	3.01	1	

0.00608	8.93	0	0	0	-0.461615	0	0	-0.855428	3.96438	-1.25187	0	3.01	3.01	1	

0.0061	8.93	0	0	0	-0.461615	0	0	-0.855428	3.96438	-1.25187	0	3.01	3.01	1	

0.00612	8.93	0	0	0	-0.461615	0	0	-0.855428	3.96438	-1.25187	0	3.01	3.01	1	

0.00614	8.93	0	0	0	-0.461615	0	0	-0.855428	3.96438	-1.25187	0	3.01	3.01	1	

0.00616	8.93	0	0	0	-0.461615	0	0	-0.855428	3.96438	-1.25187	0	3.01	3.01	1	

0.00618	8.93	0	0	0	-0.461615	0	0	-0.855428	3.96438	-1.25187	0	3.01	3.01	1	

0.0062	8.93	0	0	0	-0.461615	0	0	-0.855428	3.96438	-1.25187	0	3.01	3.01	1	

0.00622	8.93	0	0	0	-0.461615	0	0	-0.855428	3.96438	-1.25187	0	3.01	3.01	1	

0.00624	8.93	0	0	0	-0.461615	0	0	-0.855428	3.96438	-1.25187	0	3.01	3.01	1	

0.00626	8.93	0	0	0	-0.461615	0	0	-0.855428	3.96438	-1.25187	0	3.01	3.01	1	

0.00628	8.93	0	0	0	-0.461615	0	0	-0.855428	3.96438	-1.25187	0	3.01	3.01	1	

0.0063	8.93	0	0	0	-0.461615	0	0	-0.855428	3.96438	-1.25187	0	3.01	3.01	1	

0.00632	8.93	0	0	0	-0.461615	0	0	-0.855428	3.96438	-1.25187	0	3.01	3.01	1	

0.00634	8.93	0	0	0	-0.461615	0	0	-0.855428	3.96438	-1.25187	0	3.01	3.01	1	

0.00636	8.93	0	0	0	-0.461615	0	0	-0.855428	3.96438	-1.25187	0	3.01	3.01	1	

0.00638	8.93	0	0	0	-0.461615	0	0	-0.855428	3.96438	-1.25187	0	3.01	3.01	1	

0.0064	8.93	0	0	0	-0.461615	0	0	-0.855428	3.96438	-1.25187	0	3.01	3.01	1	

0.00642	8.93	0	0	0	-0.461615	0	0	-0.855428	3.96438	-1.25187	0	3.01	3.01	1	

0.00644	8.93	0	0	0	-0.461615	0	0	-0.855428	3.96438	-1.25187	0	3.01	3.01	1	

0.00646	8.93	0	0	0	-0.461615	0	0	-0.855428	3.96438	-1.25187	0	3.01	3.01	1	

0.00648	8.93	0	0	0	-0.461615	0	0	-0.855428	3.96438	-1.25187	0	3.01	3.01	1	

0.0065	8.93	0	0	0	-0.461615	0	0	-0.855428	3.96438	-1.25187	0	3.01	3.01	1	

0.00652	8.93	0	0	0	-0.461615	0	0	-0.855428	3.96438	-1.25187	0	3.01	3.01	1	

0.00654	8.93	0	0	0	-0.461615	0	0	-0.855428	3.96438	-1.25187	0	3.01	3.01	1	

0.00656	8.93	0	0	0	-0.461615	0	0	-0.855428	3.96438	-1.25187	0	3.01	3.01	1	

0.00658	8.93	0	0	0	-0.461615	0	0	-0.855428	3.96438	-1.25187	0	3.01	3.01	1	

0.0066	8.93	0	0	0	-0.461615	0	0	-0.855428	3.96438	-1.25187	0	3.01	3.01	1	

0.00662	8.93	0	0	0	-0.461615	0	0	-0.855428	3.96438	-1.25187	0	3.01	3.01	1	

0.00664	8.93	0	0	0	-0.461615	0	0	-0.855428	3.96438	-1.25187	0	3.01	3.01	1	

0.00666	8.93	0	0	0	-0.461615	0	0	-0.855428	3.96438	-1.25187	0	3.01	3.01	1	

0.00668	8.93	0	0	0	-0.461615	0	0	-0.855428	3.96438	-1.25187	0	3.01	3.01	1	

0.0067	8.93	0	0	0	-0.461615	0	0	-0.855428	3.96438	-1.25187	0	3.01	3.01	1	

0.00672	8.93	0	0	0	-0.461615	0	0	-0.855428	3.96438	-1.25187	0	3.01	3.01	1	

0.00674	8.93	0	0	0	-0.461615	0	0	-0.855428	3.96438	-1.25187	0	3.01	3.01	1	

0.00676	8.93	0	0	0	-0.461615	0	0	-0.855428	3.96438	-1.25187	0	3.01	3.01	1	

0.00678	8.93	0	0	0	-0.461615	0	0	-0.855428	3.96438	-1.25187	0	3.01	3.01	1	

0.0068	8.93	0	0	0	-0.461615	0	0	-0.855428	3.96438	-1.25187	0	3.01	3.01	1	

0.00682	8.93	0	0	0	-0.461615	0	0	-0.855428	3.96438	-1.25187	0	3.01	3.01	1	

0.00684	8.93	0	0	0	-0.461615	0	0	-0.855428	3.96438	-1.25187	0	3.01	3.01	1	

0.00686	8.93	0	0	0	-0.461615	0	0	-0.855428	3.96438	-1.25187	0	3.01	3.01	1	

0.00688	8.93	0	0	0	-0.461615	0	0	-0.855428	3.96438	-1.25187	0	3.01	3.01	1	

0.0069	8.93	0	0	0	-0.461615	0	0	-0.855428	3.96438	-1.25187	0	3.01	3.01	1	

0.00692	8.93	0	0	0	-0.461615	0	0	-0.855428	3.96438	-1.25187	0	3.01	3.01	1	

0.00694	8.93	0	0	0	-0.461615	0	0	-0.855428	3.96438	-1.25187	0	3.01	3.01	1	

0.00696	8.93	0	0	0	-0.461615	0	0	-0.855428	3.96438	-1.25187	0	3.01	3.01	1	

0.00698	8.93	0	0	0	-0.461615	0	0	-0.855428	3.96438	-1.25187	0	3.01	3.01	1	

0.007	8.93	0	0	0	-0.461615	0	0	-0.855428	3.96438	-1.25187	0	3.01	3.01	1	

0.00702	8.93	0	0	0	-0.461615	0	0	-0.855428	3.96438	-1.25187	0	3.01	3.01	1	

0.00704	8.93	0	0	0	-0.461615	0	0	-0.855428	3.96438	-1.25187	0	3.01	3.01	1	

0.00706	8.93	0	0	0	-0.461615	0	0	-0.855428	3.96438	-1.25187	0	3.01	3.01	1	

0.00708	8.93	0	0	0	-0.461615	0	0	-0.855428	3.96438	-1.25187	0	3.01	3.01	1	

0.0071	8.93	0	0	0	-0.461615	0	0	-0.855428	3.96438	-1.25187	0	3.01	3.01	1	

0.00712	8.93	0	0	0	-0.461615	0	0	-0.855428	3.96438	-1.25187	0	3.01	3.01	1	

0.00714	8.93	0	0	0	-0.461615	0	0	-0.855428	3.96438	-1.25187	0	3.01	3.01	1	

0.00716	8.93	0	0	0	-0.461615	0	0	-0.855428	3.96438	-1.25187	0	3.01	3.01	1	

0.00718	8.93	0	0	0	-0.461615	0	0	-0.855428	3.96438	-1.25187	0	3.01	3.01	1	

0.0072	8.93	0	0	0	-0.461615	0	0	-0.855428	3.96438	-1.25187	0	3.01	3.01	1	

0.00722	8.93	0	0	0	-0.461615	0	0	-0.855428	3.96438	-1.25187	0	3.01	3.01	1	

0.00724	8.93	0	0	0	-0.461615	0	0	-0.855428	3.96438	-1.25187	0	3.01	3.01	1	

0.00726	8.93	0	0	0	-0.461615	0	0	-0.855428	3.96438	-1.25187	0	3.01	3.01	1	

0.00728	8.93	0	0	0	-0.461615	0	0	-0.855428	3.96438	-1.25187	0	3.01	3.01	1	

0.0073	8.93	0	0	0	-0.461615	0	0	-0.855428	3.96438	-1.25187	0	3.01	3.01	1	

0.00732	8.93	0	0	0	-0.461615	0	0	-0.855428	3.96438	-1.25187	0	3.01	3.01	1	

0.00734	8.93	0	0	0	-0.461615	0	0	-0.855428	3.96438	-1.25187	0	3.01	3.01	1	

0.00736	8.93	0	0	0	-0.461615	0	0	-0.855428	3.96438	-1.25187	0	3.01	3.01	1	

0.00738	8.93	0	0	0	-0.461615	0	0	-0.855428	3.96438	-1.25187	0	3.01	3.01	1	

0.0074	8.93	0	0	0	-0.461615	0	0	-0.855428	3.96438	-1.25187	0	3.01	3.01	1	

0.00742	8.93	0	0	0	-0.461615	0	0	-0.855428	3.96438	-1.25187	0	3.01	3.01	1	

0.00744	8.93	0	0	0	-0.461615	0	0	-0.855428	3.96438	-1.25187	0	3.01	3.01	1	

0.00746	8.93	0	0	0	-0.461615	0	0	-0.855428	3.96438	-1.25187	0	3.01	3.01	1	

0.00748	8.93	0	0	0	-0.461615	0	0	-0.855428	3.96438	-1.25187	0	3.01	3.01	1	

0.0075	8.93	0	0	0	-0.461615	0	0	-0.855428	3.96438	-1.25187	0	3.01	3.01	1	

0.00752	8.93	0	0	0	-0.461615	0	0	-0.855428	3.96438	-1.25187	0	3.01	3.01	1	

0.00754	8.93	0	0	0	-0.461615	0	0	-0.855428	3.96438	-1.25187	0	3.01	3.01	1	

0.00756	8.93	0	0	0	-0.461615	0	0	-0.855428	3.96438	-1.25187	0	3.01	3.01	1	

0.00758	8.93	0	0	0	-0.461615	0	0	-0.855428	3.96438	-1.25187	0	3.01	3.01	1	

0.0076	8.93	0	0	0	-0.461615	0	0	-0.855428	3.96438	-1.25187	0	3.01	3.01	1	

0.00762	8.93	0	0	0	-0.461615	0	0	-0.855428	3.96438	-1.25187	0	3.01	3.01	1	

0.00764	8.93	0	0	0	-0.461615	0	0	-0.855428	3.96438	-1.25187	0	3.01	3.01	1	

0.00766	8.93	0	0	0	-0.461615	0	0	-0.855428	3.96438	-1.25187	0	3.01	3.01	1	

0.00768	8.93	0	0	0	-0.461615	0	0	-0.855428	3.96438	-1.25187	0	3.01	3.01	1	

0.0077	8.93	0	0	0	-0.461615	0	0	-0.855428	3.96438	-1.25187	0	3.01	3.01	1	

0.00772	8.93	0	0	0	-0.461615	0	0	-0.855428	3.96438	-1.25187	0	3.01	3.01	1	

0.00774	8.93	0	0	0	-0.461615	0	0	-0.855428	3.96438	-1.25187	0	3.01	3.01	1	

0.00776	8.93	0	0	0	-0.461615	0	0	-0.855428	3.96438	-1.25187	0	3.01	3.01	1	

0.00778	8.93	0	0	0	-0.461615	0	0	-0.855428	3.96438	-1.25187	0	3.01	3.01	1	

0.0078	8.93	0	0	0	-0.461615	0	0	-0.855428	3.96438	-1.25187	0	3.01	3.01	1	

0.00782	8.93	0	0	0	-0.461615	0	0	-0.855428	3.96438	-1.25187	0	3.01	3.01	1	

0.00784	8.93	0	0	0	-0.461615	0	0	-0.855428	3.96438	-1.25187	0	3.01	3.01	1	

0.00786	8.93	0	0	0	-0.461615	0	0	-0.855428	3.96438	-1.25187	0	3.01	3.01	1	

0.00788	8.93	0	0	0	-0.461615	0	0	-0.855428	3.96438	-1.25187	0	3.01	3.01	1	

0.0079	8.93	0	0	0	-0.461615	0	0	-0.855428	3.96438	-1.25187	0	3.01	3.01	1	

0.00792	8.93	0	0	0	-0.461615	0	0	-0.855428	3.96438	-1.25187	0	3.01	3.01	1	

0.00794	8.93	0	0	0	-0.461615	0	0	-0.855428	3.96438	-1.25187	0	3.01	3.01	1	

0.00796	8.93	0	0	0	-0.461615	0	0	-0.855428	3.96438	-1.25187	0	3.01	3.01	1	

0.00798	8.93	0	0	0	-0.461615	0	0	-0.855428	3.96438	-1.25187	0	3.01	3.01	1	

0.008	8.93	0	0	0	-0.461615	0	0	-0.855428	3.96438	-1.25187	0	3.01	3.01	1	

0.00802	8.93	0	0	0	-0.461615	0	0	-0.855428	3.96438	-1.25187	0	3.01	3.01	1	

0.00804	8.93	0	0	0	-0.461615	0	0	-0.855428	3.96438	-1.25187	0	3.01	3.01	1	

0.00806	8.93	0	0	0	-0.461615	0	0	-0.855428	3.96438	-1.25187	0	3.01	3.01	1	

0.00808	8.93	0	0	0	-0.461615	0	0	-0.855428	3.96438	-1.25187	0	3.01	3.01	1	

0.0081	8.93	0	0	0	-0.461615	0	0	-0.855428	3.96438	-1.25187	0	3.01	3.01	1	

0.00812	8.93	0	0	0	-0.461615	0	0	-0.855428	3.96438	-1.25187	0	3.01	3.01	1	

0.00814	8.93	0	0	0	-0.461615	0	0	-0.855428	3.96438	-1.25187	0	3.01	3.01	1	

0.00816	8.93	0	0	0	-0.461615	0	0	-0.855428	3.96438	-1.25187	0	3.01	3.01	1	

0.00818	8.93	0	0	0	-0.461615	0	0	-0.855428	3.96438	-1.25187	0	3.01	3.01	1	

0.0082	8.93	0	0	0	-0.461615	0	0	-0.855428	3.96438	-1.25187	0	3.01	3.01	1	

0.00822	8.93	0	0	0	-0.461615	0	0	-0.855428	3.96438	-1.25187	0	3.01	3.01	1	

0.00824	8.93	0	0	0	-0.461615	0	0	-0.855428	3.96438	-1.25187	0	3.01	3.01	1	

0.00826	8.93	0	0	0	-0.461615	0	0	-0.855428	3.96438	-1.25187	0	3.01	3.01	1	

0.00828	8.93	0	0	0	-0.461615	0	0	-0.855428	3.96438	-1.25187	0	3.01	3.01	1	

0.0083	8.93	0	0	0	-0.461615	0	0	-0.855428	3.96438	-1.25187	0	3.01	3.01	1	

0.00832	8.93	0	0	0	-0.461615	0	0	-0.855428	3.96438	-1.25187	0	3.01	3.01	1	

0.00834	8.93	0	0	0	-0.461615	0	0	-0.855428	3.96438	-1.25187	0	3.01	3.01	1	

0.00836	8.93	0	0	0	-0.461615	0	0	-0.855428	3.96438	-1.25187	0	3.01	3.01	1	

0.00838	8.93	0	0	0	-0.461615	0	0	-0.855428	3.96438	-1.25187	0	3.01	3.01	1	

0.0084	8.93	0	0	0	-0.461615	0	0	-0.855428	3.96438	-1.25187	0	3.01	3.01	1	

0.00842	8.93	0	0	0	-0.461615	0	0	-0.855428	3.96438	-1.25187	0	3.01	3.01	1	

0.00844	8.93	0	0	0	-0.461615	0	0	-0.855428	3.96438	-1.25187	0	3.01	3.01	1	

0.00846	8.93	0	0	0	-0.461615	0	0	-0.855428	3.96438	-1.25187	0	3.01	3.01	1	

0.00848	8.93	0	0	0	-0.461615	0	0	-0.855428	3.96438	-1.25187	0	3.01	3.01	1	

0.0085	8.93	0	0	0	-0.461615	0	0	-0.855428	3.96438	-1.25187	0	3.01	3.01	1	

0.00852	8.93	0	0	0	-0.461615	0	0	-0.855428	3.96438	-1.25187	0	3.01	3.01	1	

0.00854	8.93	0	0	0	-0.461615	0	0	-0.855428	3.96438	-1.25187	0	3.01	3.01	1	

0.00856	8.93	0	0	0	-0.461615	0	0	-0.855428	3.96438	-1.25187	0	3.01	3.01	1	

0.00858	8.93	0	0	0	-0.461615	0	0	-0.855428	3.96438	-1.25187	0	3.01	3.01	1	

0.0086	8.93	0	0	0	-0.461615	0	0	-0.855428	3.96438	-1.25187	0	3.01	3.01	1	

0.00862	8.93	0	0	0	-0.461615	0	0	-0.855428	3.96438	-1.25187	0	3.01	3.01	1	

0.00864	8.93	0	0	0	-0.461615	0	0	-0.855428	3.96438	-1.25187	0	3.01	3.01	1	

0.00866	8.93	0	0	0	-0.461615	0	0	-0.855428	3.96438	-1.25187	0	3.01	3.01	1	

0.00868	8.93	0	0	0	-0.461615	0	0	-0.855428	3.96438	-1.25187	0	3.01	3.01	1	

0.0087	8.93	0	0	0	-0.461615	0	0	-0.855428	3.96438	-1.25187	0	3.01	3.01	1	

0.00872	8.93	0	0	0	-0.461615	0	0	-0.855428	3.96438	-1.25187	0	3.01	3.01	1	

0.00874	8.93	0	0	0	-0.461615	0	0	-0.855428	3.96438	-1.25187	0	3.01	3.01	1	

0.00876	8.93	0	0	0	-0.461615	0	0	-0.855428	3.96438	-1.25187	0	3.01	3.01	1	

0.00878	8.93	0	0	0	-0.461615	0	0	-0.855428	3.96438	-1.25187	0	3.01	3.01	1	

0.0088	8.93	0	0	0	-0.461615	0	0	-0.855428	3.96438	-1.25187	0	3.01	3.01	1	

0.00882	8.93	0	0	0	-0.461615	0	0	-0.855428	3.96438	-1.25187	0	3.01	3.01	1	

0.00884	8.93	0	0	0	-0.461615	0	0	-0.855428	3.96438	-1.25187	0	3.01	3.01	1	

0.00886	8.93	0	0	0	-0.461615	0	0	-0.855428	3.96438	-1.25187	0	3.01	3.01	1	

0.00888	8.93	0	0	0	-0.461615	0	0	-0.855428	3.96438	-1.25187	0	3.01	3.01	1	

0.0089	8.93	0	0	0	-0.461615	0	0	-0.855428	3.96438	-1.25187	0	3.01	3.01	1	

0.00892	8.93	0	0	0	-0.461615	0	0	-0.855428	3.96438	-1.25187	0	3.01	3.01	1	

0.00894	8.93	0	0	0	-0.461615	0	0	-0.855428	3.96438	-1.25187	0	3.01	3.01	1	

0.00896	8.93	0	0	0	-0.461615	0	0	-0.855428	3.96438	-1.25187	0	3.01	3.01	1	

0.00898	8.93	0	0	0	-0.461615	0	0	-0.855428	3.96438	-1.25187	0	3.01	3.01	1	

0.009	8.93	0	0	0	-0.461615	0	0	-0.855428	3.96438	-1.25187	0	3.01	3.01	1	

0.00902	8.93	0	0	0	-0.461615	0	0	-0.855428	3.96438	-1.25187	0	3.01	3.01	1	

0.00904	8.93	0	0	0	-0.461615	0	0	-0.855428	3.96438	-1.25187	0	3.01	3.01	1	

0.00906	8.93	0	0	0	-0.461615	0	0	-0.855428	3.96438	-1.25187	0	3.01	3.01	1	

0.00908	8.93	0	0	0	-0.461615	0	0	-0.855428	3.96438	-1.25187	0	3.01	3.01	1	

0.0091	8.93	0	0	0	-0.461615	0	0	-0.855428	3.96438	-1.25187	0	3.01	3.01	1	

0.00912	8.93	0	0	0	-0.461615	0	0	-0.855428	3.96438	-1.25187	0	3.01	3.01	1	

0.00914	8.93	0	0	0	-0.461615	0	0	-0.855428	3.96438	-1.25187	0	3.01	3.01	1	

0.00916	8.93	0	0	0	-0.461615	0	0	-0.855428	3.96438	-1.25187	0	3.01	3.01	1	

0.00918	8.93	0	0	0	-0.461615	0	0	-0.855428	3.96438	-1.25187	0	3.01	3.01	1	

0.0092	8.93	0	0	0	-0.461615	0	0	-0.855428	3.96438	-1.25187	0	3.01	3.01	1	

0.00922	8.93	0	0	0	-0.461615	0	0	-0.855428	3.96438	-1.25187	0	3.01	3.01	1	

0.00924	8.93	0	0	0	-0.461615	0	0	-0.855428	3.96438	-1.25187	0	3.01	3.01	1	

0.00926	8.93	0	0	0	-0.461615	0	0	-0.855428	3.96438	-1.25187	0	3.01	3.01	1	

0.00928	8.93	0	0	0	-0.461615	0	0	-0.855428	3.96438	-1.25187	0	3.01	3.01	1	

0.0093	8.93	0	0	0	-0.461615	0	0	-0.855428	3.96438	-1.25187	0	3.01	3.01	1	

0.00932	8.93	0	0	0	-0.461615	0	0	-0.855428	3.96438	-1.25187	0	3.01	3.01	1	

0.00934	8.93	0	0	0	-0.461615	0	0	-0.855428	3.96438	-1.25187	0	3.01	3.01	1	

0.00936	8.93	0	0	0	-0.461615	0	0	-0.855428	3.96438	-1.25187	0	3.01	3.01	1	

0.00938	8.93	0	0	0	-0.461615	0	0	-0.855428	3.96438	-1.25187	0	3.01	3.01	1	

0.0094	8.93	0	0	0	-0.461615	0	0	-0.855428	3.96438	-1.25187	0	3.01	3.01	1	

0.00942	8.93	0	0	0	-0.461615	0	0	-0.855428	3.96438	-1.25187	0	3.01	3.01	1	

0.00944	8.93	0	0	0	-0.461615	0	0	-0.855428	3.96438	-1.25187	0	3.01	3.01	1	

0.00946	8.93	0	0	0	-0.461615	0	0	-0.855428	3.96438	-1.25187	0	3.01	3.01	1	

0.00948	8.93	0	0	0	-0.461615	0	0	-0.855428	3.96438	-1.25187	0	3.01	3.01	1	

0.0095	8.93	0	0	0	-0.461615	0	0	-0.855428	3.96438	-1.25187	0	3.01	3.01	1	

0.00952	8.93	0	0	0	-0.461615	0	0	-0.855428	3.96438	-1.25187	0	3.01	3.01	1	

0.00954	8.93	0	0	0	-0.461615	0	0	-0.855428	3.96438	-1.25187	0	3.01	3.01	1	

0.00956	8.93	0	0	0	-0.461615	0	0	-0.855428	3.96438	-1.25187	0	3.01	3.01	1	

0.00958	8.93	0	0	0	-0.461615	0	0	-0.855428	3.96438	-1.25187	0	3.01	3.01	1	

0.0096	8.93	0	0	0	-0.461615	0	0	-0.855428	3.96438	-1.25187	0	3.01	3.01	1	

0.00962	8.93	0	0	0	-0.461615	0	0	-0.855428	3.96438	-1.25187	0	3.01	3.01	1	

0.00964	8.93	0	0	0	-0.461615	0	0	-0.855428	3.96438	-1.25187	0	3.01	3.01	1	

0.00966	8.93	0	0	0	-0.461615	0	0	-0.855428	3.96438	-1.25187	0	3.01	3.01	1	

0.00968	8.93	0	0	0	-0.461615	0	0	-0.855428	3.96438	-1.25187	0	3.01	3.01	1	

0.0097	8.93	0	0	0	-0.461615	0	0	-0.855428	3.96438	-1.25187	0	3.01	3.01	1	

0.00972	8.93	0	0	0	-0.461615	0	0	-0.855428	3.96438	-1.25187	0	3.01	3.01	1	

0.00974	8.93	0	0	0	-0.461615	0	0	-0.855428	3.96438	-1.25187	0	3.01	3.01	1	

0.00976	8.93	0	0	0	-0.461615	0	0	-0.855428	3.96438	-1.25187	0	3.01	3.01	1	

0.00978	8.93	0	0	0	-0.461615	0	0	-0.855428	3.96438	-1.25187	0	3.01	3.01	1	

0.0098	8.93	0	0	0	-0.461615	0	0	-0.855428	3.96438	-1.25187	0	3.01	3.01	1	

0.00982	8.93	0	0	0	-0.461615	0	0	-0.855428	3.96438	-1.25187	0	3.01	3.01	1	

0.00984	8.93	0	0	0	-0.461615	0	0	-0.855428	3.96438	-1.25187	0	3.01	3.01	1	

0.00986	8.93	0	0	0	-0.461615	0	0	-0.855428	3.96438	-1.25187	0	3.01	3.01	1	

0.00988	8.93	0	0	0	-0.461615	0	0	-0.855428	3.96438	-1.25187	0	3.01	3.01	1	

0.0099	8.93	0	0	0	-0.461615	0	0	-0.855428	3.96438	-1.25187	0	3.01	3.01	1	

0.00992	8.93	0	0	0	-0.461615	0	0	-0.855428	3.96438	-1.25187	0	3.01	3.01	1	

0.00994	8.93	0	0	0	-0.461615	0	0	-0.855428	3.96438	-1.25187	0	3.01	3.01	1	

0.00996	8.93	0	0	0	-0.461615	0	0	-0.855428	3.96438	-1.25187	0	3.01	3.01	1	

0.00998	8.93	0	0	0	-0.461615	0	0	-0.855428	3.96438	-1.25187	0	3.01	3.01	1	

