 	density	u_1	u_2	u_3	sigma_11	sigma_12	sigma_13	sigma_22	sigma_23	sigma_33	I1	I2	I3	dI_1	dI_2	dI_3
0	10.4444	2	0	0.1	-24.9244	-0.75146	-1.49093	-32.8305	2.21533	-44.3547	-3.1608e-12	3.34353	3.71154	1.36794	

2e-05	10.4444	2	0	0.1	-24.9244	-0.75146	-1.49093	-32.8305	2.21533	-44.3547	-3.1608e-12	3.34353	3.71154	1.36794	

4e-05	10.4444	2	0	0.1	-24.9244	-0.75146	-1.49093	-32.8305	2.21533	-44.3547	-3.1608e-12	3.34353	3.71154	1.36794	

6e-05	10.4444	2	0	0.1	-24.9244	-0.75146	-1.49093	-32.8305	2.21533	-44.3547	-3.1608e-12	3.34353	3.71154	1.36794	

8e-05	10.4444	2	0	0.1	-24.9244	-0.75146	-1.49093	-32.8305	2.21533	-44.3547	-3.1608e-12	3.34353	3.71154	1.36794	

0.0001	10.4444	2	0	0.1	-24.9244	-0.75146	-1.49093	-32.8305	2.21533	-44.3547	-3.1608e-12	3.34353	3.71154	1.36794	

0.00012	10.4444	2	0	0.1	-24.9244	-0.75146	-1.49093	-32.8305	2.21533	-44.3547	-3.1608e-12	3.34353	3.71154	1.36794	

0.00014	10.4444	2	0	0.1	-24.9244	-0.75146	-1.49093	-32.8305	2.21533	-44.3547	-3.1608e-12	3.34353	3.71154	1.36794	

0.00016	10.4444	2	0	0.1	-24.9244	-0.75146	-1.49093	-32.8305	2.21533	-44.3547	-3.1608e-12	3.34353	3.71154	1.36794	

0.00018	10.4444	2	0	0.1	-24.9244	-0.75146	-1.49093	-32.8305	2.21533	-44.3547	-3.1608e-12	3.34353	3.71154	1.36794	

0.0002	10.4444	2	0	0.1	-24.9244	-0.75146	-1.49093	-32.8305	2.21533	-44.3547	-3.1608e-12	3.34353	3.71154	1.36794	

0.00022	10.4444	2	0	0.1	-24.9244	-0.75146	-1.49093	-32.8305	2.21533	-44.3547	-3.1608e-12	3.34353	3.71154	1.36794	

0.00024	10.4444	2	0	0.1	-24.9244	-0.75146	-1.49093	-32.8305	2.21533	-44.3547	-3.1608e-12	3.34353	3.71154	1.36794	

0.00026	10.4444	2	0	0.1	-24.9244	-0.75146	-1.49093	-32.8305	2.21533	-44.3547	-3.1608e-12	3.34353	3.71154	1.36794	

0.00028	10.4444	2	0	0.1	-24.9244	-0.75146	-1.49093	-32.8305	2.21533	-44.3547	-3.1608e-12	3.34353	3.71154	1.36794	

0.0003	10.4444	2	0	0.1	-24.9244	-0.75146	-1.49093	-32.8305	2.21533	-44.3547	-3.1608e-12	3.34353	3.71154	1.36794	

0.00032	10.4444	2	0	0.1	-24.9244	-0.75146	-1.49093	-32.8305	2.21533	-44.3547	-3.1608e-12	3.34353	3.71154	1.36794	

0.00034	10.4444	2	0	0.1	-24.9244	-0.75146	-1.49093	-32.8305	2.21533	-44.3547	-3.1608e-12	3.34353	3.71154	1.36794	

0.00036	10.4444	2	0	0.1	-24.9244	-0.75146	-1.49093	-32.8305	2.21533	-44.3547	-3.1608e-12	3.34353	3.71154	1.36794	

0.00038	10.4444	2	0	0.1	-24.9244	-0.75146	-1.49093	-32.8305	2.21533	-44.3547	-3.1608e-12	3.34353	3.71154	1.36794	

0.0004	10.4444	2	0	0.1	-24.9244	-0.75146	-1.49093	-32.8305	2.21533	-44.3547	-3.1608e-12	3.34353	3.71154	1.36794	

0.00042	10.4444	2	0	0.1	-24.9244	-0.75146	-1.49093	-32.8305	2.21533	-44.3547	-3.1608e-12	3.34353	3.71154	1.36794	

0.00044	10.4444	2	0	0.1	-24.9244	-0.75146	-1.49093	-32.8305	2.21533	-44.3547	-3.1608e-12	3.34353	3.71154	1.36794	

0.00046	10.4444	2	0	0.1	-24.9244	-0.75146	-1.49093	-32.8305	2.21533	-44.3547	-3.1608e-12	3.34353	3.71154	1.36794	

0.00048	10.4444	2	0	0.1	-24.9244	-0.75146	-1.49093	-32.8305	2.21533	-44.3547	-3.1608e-12	3.34353	3.71154	1.36794	

0.0005	10.4444	2	0	0.1	-24.9244	-0.75146	-1.49093	-32.8305	2.21533	-44.3547	-3.1608e-12	3.34353	3.71154	1.36794	

0.00052	10.4444	2	0	0.1	-24.9244	-0.75146	-1.49093	-32.8305	2.21533	-44.3547	-3.1608e-12	3.34353	3.71154	1.36794	

0.00054	10.4444	2	0	0.1	-24.9244	-0.75146	-1.49093	-32.8305	2.21533	-44.3547	-3.1608e-12	3.34353	3.71154	1.36794	

0.00056	10.4444	2	0	0.1	-24.9244	-0.75146	-1.49093	-32.8305	2.21533	-44.3547	-3.1608e-12	3.34353	3.71154	1.36794	

0.00058	10.4444	2	0	0.1	-24.9244	-0.75146	-1.49093	-32.8305	2.21533	-44.3547	-3.1608e-12	3.34353	3.71154	1.36794	

0.0006	10.4444	2	0	0.1	-24.9244	-0.75146	-1.49093	-32.8305	2.21533	-44.3547	-3.1608e-12	3.34353	3.71154	1.36794	

0.00062	10.4444	2	0	0.1	-24.9244	-0.75146	-1.49093	-32.8305	2.21533	-44.3547	-3.1608e-12	3.34353	3.71154	1.36794	

0.00064	10.4444	2	0	0.1	-24.9244	-0.75146	-1.49093	-32.8305	2.21533	-44.3547	-3.1608e-12	3.34353	3.71154	1.36794	

0.00066	10.4444	2	0	0.1	-24.9244	-0.75146	-1.49093	-32.8305	2.21533	-44.3547	-3.1608e-12	3.34353	3.71154	1.36794	

0.00068	10.4444	2	0	0.1	-24.9244	-0.75146	-1.49093	-32.8305	2.21533	-44.3547	-3.1608e-12	3.34353	3.71154	1.36794	

0.0007	10.4444	2	0	0.1	-24.9244	-0.75146	-1.49093	-32.8305	2.21533	-44.3547	-3.1608e-12	3.34353	3.71154	1.36794	

0.00072	10.4444	2	0	0.1	-24.9244	-0.75146	-1.49093	-32.8305	2.21533	-44.3547	-3.1608e-12	3.34353	3.71154	1.36794	

0.00074	10.4444	2	0	0.1	-24.9244	-0.75146	-1.49093	-32.8305	2.21533	-44.3547	-3.1608e-12	3.34353	3.71154	1.36794	

0.00076	10.4444	2	0	0.1	-24.9244	-0.75146	-1.49093	-32.8305	2.21533	-44.3547	-3.1608e-12	3.34353	3.71154	1.36794	

0.00078	10.4444	2	0	0.1	-24.9244	-0.75146	-1.49093	-32.8305	2.21533	-44.3547	-3.1608e-12	3.34353	3.71154	1.36794	

0.0008	10.4444	2	0	0.1	-24.9244	-0.75146	-1.49093	-32.8305	2.21533	-44.3547	-3.1608e-12	3.34353	3.71154	1.36794	

0.00082	10.4444	2	0	0.1	-24.9244	-0.75146	-1.49093	-32.8305	2.21533	-44.3547	-3.1608e-12	3.34353	3.71154	1.36794	

0.00084	10.4444	2	0	0.1	-24.9244	-0.75146	-1.49093	-32.8305	2.21533	-44.3547	-3.1608e-12	3.34353	3.71154	1.36794	

0.00086	10.4444	2	0	0.1	-24.9244	-0.75146	-1.49093	-32.8305	2.21533	-44.3547	-3.1608e-12	3.34353	3.71154	1.36794	

0.00088	10.4444	2	0	0.1	-24.9244	-0.75146	-1.49093	-32.8305	2.21533	-44.3547	-3.1608e-12	3.34353	3.71154	1.36794	

0.0009	10.4444	2	0	0.1	-24.9244	-0.75146	-1.49093	-32.8305	2.21533	-44.3547	-3.1608e-12	3.34353	3.71154	1.36794	

0.00092	10.4444	2	0	0.1	-24.9244	-0.75146	-1.49093	-32.8305	2.21533	-44.3547	-3.1608e-12	3.34353	3.71154	1.36794	

0.00094	10.4444	2	0	0.1	-24.9244	-0.75146	-1.49093	-32.8305	2.21533	-44.3547	-3.1608e-12	3.34353	3.71154	1.36794	

0.00096	10.4444	2	0	0.1	-24.9244	-0.75146	-1.49093	-32.8305	2.21533	-44.3547	-3.1608e-12	3.34353	3.71154	1.36794	

0.00098	10.4444	2	0	0.1	-24.9244	-0.75146	-1.49093	-32.8305	2.21533	-44.3547	-3.1608e-12	3.34353	3.71154	1.36794	

0.001	10.4444	2	0	0.1	-24.9244	-0.75146	-1.49093	-32.8305	2.21533	-44.3547	-3.1608e-12	3.34353	3.71154	1.36794	

0.00102	10.4444	2	0	0.1	-24.9244	-0.75146	-1.49093	-32.8305	2.21533	-44.3547	-3.1608e-12	3.34353	3.71154	1.36794	

0.00104	10.4444	2	0	0.1	-24.9244	-0.75146	-1.49093	-32.8305	2.21533	-44.3547	-3.1608e-12	3.34353	3.71154	1.36794	

0.00106	10.4444	2	0	0.1	-24.9244	-0.75146	-1.49093	-32.8305	2.21533	-44.3547	-3.1608e-12	3.34353	3.71154	1.36794	

0.00108	10.4444	2	0	0.1	-24.9244	-0.75146	-1.49093	-32.8305	2.21533	-44.3547	-3.1608e-12	3.34353	3.71154	1.36794	

0.0011	10.4444	2	0	0.1	-24.9244	-0.75146	-1.49093	-32.8305	2.21533	-44.3547	-3.1608e-12	3.34353	3.71154	1.36794	

0.00112	10.4444	2	0	0.1	-24.9244	-0.75146	-1.49093	-32.8305	2.21533	-44.3547	-3.1608e-12	3.34353	3.71154	1.36794	

0.00114	10.4444	2	0	0.1	-24.9244	-0.75146	-1.49093	-32.8305	2.21533	-44.3547	-3.1608e-12	3.34353	3.71154	1.36794	

0.00116	10.4444	2	0	0.1	-24.9244	-0.75146	-1.49093	-32.8305	2.21533	-44.3547	-3.1608e-12	3.34353	3.71154	1.36794	

0.00118	10.4444	2	0	0.1	-24.9244	-0.75146	-1.49093	-32.8305	2.21533	-44.3547	-3.1608e-12	3.34353	3.71154	1.36794	

0.0012	10.4444	2	0	0.1	-24.9244	-0.75146	-1.49093	-32.8305	2.21533	-44.3547	-3.1608e-12	3.34353	3.71154	1.36794	

0.00122	10.4444	2	0	0.1	-24.9244	-0.75146	-1.49093	-32.8305	2.21533	-44.3547	-3.1608e-12	3.34353	3.71154	1.36794	

0.00124	10.4444	2	0	0.1	-24.9244	-0.75146	-1.49093	-32.8305	2.21533	-44.3547	-3.1608e-12	3.34353	3.71154	1.36794	

0.00126	10.4444	2	0	0.1	-24.9244	-0.75146	-1.49093	-32.8305	2.21533	-44.3547	-3.1608e-12	3.34353	3.71154	1.36794	

0.00128	10.4444	2	0	0.1	-24.9244	-0.75146	-1.49093	-32.8305	2.21533	-44.3547	-3.1608e-12	3.34353	3.71154	1.36794	

0.0013	10.4444	2	0	0.1	-24.9244	-0.75146	-1.49093	-32.8305	2.21533	-44.3547	-3.1608e-12	3.34353	3.71154	1.36794	

0.00132	10.4444	2	0	0.1	-24.9244	-0.75146	-1.49093	-32.8305	2.21533	-44.3547	-3.1608e-12	3.34353	3.71154	1.36794	

0.00134	10.4444	2	0	0.1	-24.9244	-0.75146	-1.49093	-32.8305	2.21533	-44.3547	-3.1608e-12	3.34353	3.71154	1.36794	

0.00136	10.4444	2	0	0.1	-24.9244	-0.75146	-1.49093	-32.8305	2.21533	-44.3547	-3.1608e-12	3.34353	3.71154	1.36794	

0.00138	10.4444	2	0	0.1	-24.9244	-0.75146	-1.49093	-32.8305	2.21533	-44.3547	-3.1608e-12	3.34353	3.71154	1.36794	

0.0014	10.4444	2	0	0.1	-24.9244	-0.75146	-1.49093	-32.8305	2.21533	-44.3547	-3.1608e-12	3.34353	3.71154	1.36794	

0.00142	10.4444	2	0	0.1	-24.9244	-0.75146	-1.49093	-32.8305	2.21533	-44.3547	-3.1608e-12	3.34353	3.71154	1.36794	

0.00144	10.4444	2	0	0.1	-24.9244	-0.75146	-1.49093	-32.8305	2.21533	-44.3547	-3.1608e-12	3.34353	3.71154	1.36794	

0.00146	10.4444	2	0	0.1	-24.9244	-0.75146	-1.49093	-32.8305	2.21533	-44.3547	-3.1608e-12	3.34353	3.71154	1.36794	

0.00148	10.4444	2	0	0.1	-24.9244	-0.75146	-1.49093	-32.8305	2.21533	-44.3547	-3.1608e-12	3.34353	3.71154	1.36794	

0.0015	10.4444	2	0	0.1	-24.9244	-0.75146	-1.49093	-32.8305	2.21533	-44.3547	-3.1608e-12	3.34353	3.71154	1.36794	

0.00152	10.4444	2	0	0.1	-24.9244	-0.75146	-1.49093	-32.8305	2.21533	-44.3547	-3.1608e-12	3.34353	3.71154	1.36794	

0.00154	10.4444	2	0	0.1	-24.9244	-0.75146	-1.49093	-32.8305	2.21533	-44.3547	-3.1608e-12	3.34353	3.71154	1.36794	

0.00156	10.4444	2	0	0.1	-24.9244	-0.75146	-1.49093	-32.8305	2.21533	-44.3547	-3.1608e-12	3.34353	3.71154	1.36794	

0.00158	10.4444	2	0	0.1	-24.9244	-0.75146	-1.49093	-32.8305	2.21533	-44.3547	-3.1608e-12	3.34353	3.71154	1.36794	

0.0016	10.4444	2	0	0.1	-24.9244	-0.75146	-1.49093	-32.8305	2.21533	-44.3547	-3.1608e-12	3.34353	3.71154	1.36794	

0.00162	10.4444	2	0	0.1	-24.9244	-0.75146	-1.49093	-32.8305	2.21533	-44.3547	-3.1608e-12	3.34353	3.71154	1.36794	

0.00164	10.4444	2	0	0.1	-24.9244	-0.75146	-1.49093	-32.8305	2.21533	-44.3547	-3.1608e-12	3.34353	3.71154	1.36794	

0.00166	10.4444	2	0	0.1	-24.9244	-0.75146	-1.49093	-32.8305	2.21533	-44.3547	-3.1608e-12	3.34353	3.71154	1.36794	

0.00168	10.4444	2	0	0.1	-24.9244	-0.75146	-1.49093	-32.8305	2.21533	-44.3547	-3.1608e-12	3.34353	3.71154	1.36794	

0.0017	10.4444	2	0	0.1	-24.9244	-0.75146	-1.49093	-32.8305	2.21533	-44.3547	-3.1608e-12	3.34353	3.71154	1.36794	

0.00172	10.4444	2	0	0.1	-24.9244	-0.75146	-1.49093	-32.8305	2.21533	-44.3547	-3.1608e-12	3.34353	3.71154	1.36794	

0.00174	10.4444	2	0	0.1	-24.9244	-0.75146	-1.49093	-32.8305	2.21533	-44.3547	-3.1608e-12	3.34353	3.71154	1.36794	

0.00176	10.4444	2	0	0.1	-24.9244	-0.75146	-1.49093	-32.8305	2.21533	-44.3547	-3.1608e-12	3.34353	3.71154	1.36794	

0.00178	10.4444	2	0	0.1	-24.9244	-0.75146	-1.49093	-32.8305	2.21533	-44.3547	-3.1608e-12	3.34353	3.71154	1.36794	

0.0018	10.4444	2	0	0.1	-24.9244	-0.75146	-1.49093	-32.8305	2.21533	-44.3547	-3.1608e-12	3.34353	3.71154	1.36794	

0.00182	10.4444	2	0	0.1	-24.9244	-0.75146	-1.49093	-32.8305	2.21533	-44.3547	-3.1608e-12	3.34353	3.71154	1.36794	

0.00184	10.4444	2	0	0.1	-24.9244	-0.75146	-1.49093	-32.8305	2.21533	-44.3547	-3.1608e-12	3.34353	3.71154	1.36794	

0.00186	10.4444	2	0	0.1	-24.9244	-0.75146	-1.49093	-32.8305	2.21533	-44.3547	-3.1608e-12	3.34353	3.71154	1.36794	

0.00188	10.4444	2	0	0.1	-24.9244	-0.75146	-1.49093	-32.8305	2.21533	-44.3547	-3.1608e-12	3.34353	3.71154	1.36794	

0.0019	10.4444	2	0	0.1	-24.9244	-0.75146	-1.49093	-32.8305	2.21533	-44.3547	-3.1608e-12	3.34353	3.71154	1.36794	

0.00192	10.4444	2	0	0.1	-24.9244	-0.75146	-1.49093	-32.8305	2.21533	-44.3547	-3.1608e-12	3.34353	3.71154	1.36794	

0.00194	10.4444	2	0	0.1	-24.9244	-0.75146	-1.49093	-32.8305	2.21533	-44.3547	-3.1608e-12	3.34353	3.71154	1.36794	

0.00196	10.4444	2	0	0.1	-24.9244	-0.75146	-1.49093	-32.8305	2.21533	-44.3547	-3.1608e-12	3.34353	3.71154	1.36794	

0.00198	10.4444	2	0	0.1	-24.9244	-0.75146	-1.49093	-32.8305	2.21533	-44.3547	-3.1608e-12	3.34353	3.71154	1.36794	

0.002	10.4444	2	0	0.1	-24.9244	-0.75146	-1.49093	-32.8305	2.21533	-44.3547	-3.1608e-12	3.34353	3.71154	1.36794	

0.00202	10.4444	2	0	0.1	-24.9244	-0.75146	-1.49093	-32.8305	2.21533	-44.3547	-3.1608e-12	3.34353	3.71154	1.36794	

0.00204	10.4444	2	0	0.1	-24.9244	-0.75146	-1.49093	-32.8305	2.21533	-44.3547	-3.1608e-12	3.34353	3.71154	1.36794	

0.00206	10.4444	2	0	0.1	-24.9244	-0.75146	-1.49093	-32.8305	2.21533	-44.3547	-3.1608e-12	3.34353	3.71154	1.36794	

0.00208	10.4444	2	0	0.1	-24.9244	-0.75146	-1.49093	-32.8305	2.21533	-44.3547	-3.1608e-12	3.34353	3.71154	1.36794	

0.0021	10.4444	2	0	0.1	-24.9244	-0.75146	-1.49093	-32.8305	2.21533	-44.3547	-3.1608e-12	3.34353	3.71154	1.36794	

0.00212	10.4444	2	0	0.1	-24.9244	-0.75146	-1.49093	-32.8305	2.21533	-44.3547	-3.1608e-12	3.34353	3.71154	1.36794	

0.00214	10.4444	2	0	0.1	-24.9244	-0.75146	-1.49093	-32.8305	2.21533	-44.3547	-3.1608e-12	3.34353	3.71154	1.36794	

0.00216	10.4444	2	0	0.1	-24.9244	-0.75146	-1.49093	-32.8305	2.21533	-44.3547	-3.1608e-12	3.34353	3.71154	1.36794	

0.00218	10.4444	2	0	0.1	-24.9244	-0.75146	-1.49093	-32.8305	2.21533	-44.3547	-3.1608e-12	3.34353	3.71154	1.36794	

0.0022	10.4444	2	0	0.1	-24.9244	-0.75146	-1.49093	-32.8305	2.21533	-44.3547	-3.1608e-12	3.34353	3.71154	1.36794	

0.00222	10.4444	2	0	0.1	-24.9244	-0.75146	-1.49093	-32.8305	2.21533	-44.3547	-3.1608e-12	3.34353	3.71154	1.36794	

0.00224	10.4444	2	0	0.1	-24.9244	-0.75146	-1.49093	-32.8305	2.21533	-44.3547	-3.1608e-12	3.34353	3.71154	1.36794	

0.00226	10.4444	2	0	0.1	-24.9244	-0.75146	-1.49093	-32.8305	2.21533	-44.3547	-3.1608e-12	3.34353	3.71154	1.36794	

0.00228	10.4444	2	0	0.1	-24.9244	-0.75146	-1.49093	-32.8305	2.21533	-44.3547	-3.1608e-12	3.34353	3.71154	1.36794	

0.0023	10.4444	2	0	0.1	-24.9244	-0.75146	-1.49093	-32.8305	2.21533	-44.3547	-3.1608e-12	3.34353	3.71154	1.36794	

0.00232	10.4444	2	0	0.1	-24.9244	-0.75146	-1.49093	-32.8305	2.21533	-44.3547	-3.1608e-12	3.34353	3.71154	1.36794	

0.00234	10.4444	2	0	0.1	-24.9244	-0.75146	-1.49093	-32.8305	2.21533	-44.3547	-3.1608e-12	3.34353	3.71154	1.36794	

0.00236	10.4444	2	0	0.1	-24.9244	-0.75146	-1.49093	-32.8305	2.21533	-44.3547	-3.1608e-12	3.34353	3.71154	1.36794	

0.00238	10.4444	2	0	0.1	-24.9244	-0.75146	-1.49093	-32.8305	2.21533	-44.3547	-3.1608e-12	3.34353	3.71154	1.36794	

0.0024	10.4444	2	0	0.1	-24.9244	-0.75146	-1.49093	-32.8305	2.21533	-44.3547	-3.1608e-12	3.34353	3.71154	1.36794	

0.00242	10.4444	2	0	0.1	-24.9244	-0.75146	-1.49093	-32.8305	2.21533	-44.3547	-3.1608e-12	3.34353	3.71154	1.36794	

0.00244	10.4444	2	0	0.1	-24.9244	-0.75146	-1.49093	-32.8305	2.21533	-44.3547	-3.1608e-12	3.34353	3.71154	1.36794	

0.00246	10.4444	2	0	0.1	-24.9244	-0.75146	-1.49093	-32.8305	2.21533	-44.3547	-3.1608e-12	3.34353	3.71154	1.36794	

0.00248	10.4444	2	0	0.1	-24.9244	-0.75146	-1.49093	-32.8305	2.21533	-44.3547	-3.1608e-12	3.34353	3.71154	1.36794	

0.0025	10.4444	2	0	0.1	-24.9244	-0.75146	-1.49093	-32.8305	2.21533	-44.3547	-3.1608e-12	3.34353	3.71154	1.36794	

0.00252	10.4444	2	0	0.1	-24.9244	-0.75146	-1.49093	-32.8305	2.21533	-44.3547	-3.1608e-12	3.34353	3.71154	1.36794	

0.00254	10.4444	2	0	0.1	-24.9244	-0.75146	-1.49093	-32.8305	2.21533	-44.3547	-3.1608e-12	3.34353	3.71154	1.36794	

0.00256	10.4444	2	0	0.1	-24.9244	-0.75146	-1.49093	-32.8305	2.21533	-44.3547	-3.1608e-12	3.34353	3.71154	1.36794	

0.00258	10.4444	2	0	0.1	-24.9244	-0.75146	-1.49093	-32.8305	2.21533	-44.3547	-3.1608e-12	3.34353	3.71154	1.36794	

0.0026	10.4444	2	0	0.1	-24.9244	-0.75146	-1.49093	-32.8305	2.21533	-44.3547	-3.1608e-12	3.34353	3.71154	1.36794	

0.00262	10.4444	2	0	0.1	-24.9244	-0.75146	-1.49093	-32.8305	2.21533	-44.3547	-3.1608e-12	3.34353	3.71154	1.36794	

0.00264	10.4444	2	0	0.1	-24.9244	-0.75146	-1.49093	-32.8305	2.21533	-44.3547	-3.1608e-12	3.34353	3.71154	1.36794	

0.00266	10.4444	2	0	0.1	-24.9244	-0.75146	-1.49093	-32.8305	2.21533	-44.3547	-3.1608e-12	3.34353	3.71154	1.36794	

0.00268	10.4444	2	0	0.1	-24.9244	-0.75146	-1.49093	-32.8305	2.21533	-44.3547	-3.1608e-12	3.34353	3.71154	1.36794	

0.0027	10.4444	2	0	0.1	-24.9244	-0.75146	-1.49093	-32.8305	2.21533	-44.3547	-3.1608e-12	3.34353	3.71154	1.36794	

0.00272	10.4444	2	0	0.1	-24.9244	-0.75146	-1.49093	-32.8305	2.21533	-44.3547	-3.1608e-12	3.34353	3.71154	1.36794	

0.00274	10.4444	2	0	0.1	-24.9244	-0.75146	-1.49093	-32.8305	2.21533	-44.3547	-3.1608e-12	3.34353	3.71154	1.36794	

0.00276	10.4444	2	0	0.1	-24.9244	-0.75146	-1.49093	-32.8305	2.21533	-44.3547	-3.1608e-12	3.34353	3.71154	1.36794	

0.00278	10.4444	2	0	0.1	-24.9244	-0.75146	-1.49093	-32.8305	2.21533	-44.3547	-3.1608e-12	3.34353	3.71154	1.36794	

0.0028	10.4444	2	0	0.1	-24.9244	-0.75146	-1.49093	-32.8305	2.21533	-44.3547	-3.1608e-12	3.34353	3.71154	1.36794	

0.00282	10.4444	2	0	0.1	-24.9244	-0.75146	-1.49093	-32.8305	2.21533	-44.3547	-3.1608e-12	3.34353	3.71154	1.36794	

0.00284	10.4444	2	0	0.1	-24.9244	-0.75146	-1.49093	-32.8305	2.21533	-44.3547	-3.1608e-12	3.34353	3.71154	1.36794	

0.00286	10.4444	2	0	0.1	-24.9244	-0.75146	-1.49093	-32.8305	2.21533	-44.3547	-3.1608e-12	3.34353	3.71154	1.36794	

0.00288	10.4444	2	0	0.1	-24.9244	-0.75146	-1.49093	-32.8305	2.21533	-44.3547	-3.1608e-12	3.34353	3.71154	1.36794	

0.0029	10.4444	2	0	0.1	-24.9244	-0.75146	-1.49093	-32.8305	2.21533	-44.3547	-3.1608e-12	3.34353	3.71154	1.36794	

0.00292	10.4444	2	0	0.1	-24.9244	-0.75146	-1.49093	-32.8305	2.21533	-44.3547	-3.1608e-12	3.34353	3.71154	1.36794	

0.00294	10.4444	2	0	0.1	-24.9244	-0.75146	-1.49093	-32.8305	2.21533	-44.3547	-3.1608e-12	3.34353	3.71154	1.36794	

0.00296	10.4444	2	0	0.1	-24.9244	-0.75146	-1.49093	-32.8305	2.21533	-44.3547	-3.1608e-12	3.34353	3.71154	1.36794	

0.00298	10.4444	2	0	0.1	-24.9244	-0.75146	-1.49093	-32.8305	2.21533	-44.3547	-3.1608e-12	3.34353	3.71154	1.36794	

0.003	10.4444	2	0	0.1	-24.9244	-0.75146	-1.49093	-32.8305	2.21533	-44.3547	-3.1608e-12	3.34353	3.71154	1.36794	

0.00302	10.4444	2	0	0.1	-24.9244	-0.75146	-1.49093	-32.8305	2.21533	-44.3547	-3.1608e-12	3.34353	3.71154	1.36794	

0.00304	10.4444	2	0	0.1	-24.9244	-0.75146	-1.49093	-32.8305	2.21533	-44.3547	-3.1608e-12	3.34353	3.71154	1.36794	

0.00306	10.4444	2	0	0.1	-24.9244	-0.75146	-1.49093	-32.8305	2.21533	-44.3547	-3.1608e-12	3.34353	3.71154	1.36794	

0.00308	10.4444	2	0	0.1	-24.9244	-0.75146	-1.49093	-32.8305	2.21533	-44.3547	-3.1608e-12	3.34353	3.71154	1.36794	

0.0031	10.4444	2	0	0.1	-24.9244	-0.75146	-1.49093	-32.8305	2.21533	-44.3547	-3.1608e-12	3.34353	3.71154	1.36794	

0.00312	10.4444	2	0	0.1	-24.9244	-0.75146	-1.49093	-32.8305	2.21533	-44.3547	-3.1608e-12	3.34353	3.71154	1.36794	

0.00314	10.4444	2	0	0.1	-24.9244	-0.75146	-1.49093	-32.8305	2.21533	-44.3547	-3.1608e-12	3.34353	3.71154	1.36794	

0.00316	10.4444	2	0	0.1	-24.9244	-0.75146	-1.49093	-32.8305	2.21533	-44.3547	-3.1608e-12	3.34353	3.71154	1.36794	

0.00318	10.4444	2	0	0.1	-24.9244	-0.75146	-1.49093	-32.8305	2.21533	-44.3547	-3.1608e-12	3.34353	3.71154	1.36794	

0.0032	10.4444	2	0	0.1	-24.9244	-0.75146	-1.49093	-32.8305	2.21533	-44.3547	-3.1608e-12	3.34353	3.71154	1.36794	

0.00322	10.4444	2	0	0.1	-24.9244	-0.75146	-1.49093	-32.8305	2.21533	-44.3547	-3.1608e-12	3.34353	3.71154	1.36794	

0.00324	10.4444	2	0	0.1	-24.9244	-0.75146	-1.49093	-32.8305	2.21533	-44.3547	-3.1608e-12	3.34353	3.71154	1.36794	

0.00326	10.4444	2	0	0.1	-24.9244	-0.75146	-1.49093	-32.8305	2.21533	-44.3547	-3.1608e-12	3.34353	3.71154	1.36794	

0.00328	10.4444	2	0	0.1	-24.9244	-0.75146	-1.49093	-32.8305	2.21533	-44.3547	-3.1608e-12	3.34353	3.71154	1.36794	

0.0033	10.4444	2	0	0.1	-24.9244	-0.75146	-1.49093	-32.8305	2.21533	-44.3547	-3.1608e-12	3.34353	3.71154	1.36794	

0.00332	10.4444	2	0	0.1	-24.9244	-0.75146	-1.49093	-32.8305	2.21533	-44.3547	-3.1608e-12	3.34353	3.71154	1.36794	

0.00334	10.4444	2	0	0.1	-24.9244	-0.75146	-1.49093	-32.8305	2.21533	-44.3547	-3.1608e-12	3.34353	3.71154	1.36794	

0.00336	10.4444	2	0	0.1	-24.9244	-0.75146	-1.49093	-32.8305	2.21533	-44.3547	-3.1608e-12	3.34353	3.71154	1.36794	

0.00338	10.4444	2	0	0.1	-24.9244	-0.75146	-1.49093	-32.8305	2.21533	-44.3547	-3.1608e-12	3.34353	3.71154	1.36794	

0.0034	10.4444	2	0	0.1	-24.9244	-0.75146	-1.49093	-32.8305	2.21533	-44.3547	-3.1608e-12	3.34353	3.71154	1.36794	

0.00342	10.4444	2	0	0.1	-24.9244	-0.75146	-1.49093	-32.8305	2.21533	-44.3547	-3.1608e-12	3.34353	3.71154	1.36794	

0.00344	10.4444	2	0	0.1	-24.9244	-0.75146	-1.49093	-32.8305	2.21533	-44.3547	-3.1608e-12	3.34353	3.71154	1.36794	

0.00346	10.4444	2	0	0.1	-24.9244	-0.75146	-1.49093	-32.8305	2.21533	-44.3547	-3.1608e-12	3.34353	3.71154	1.36794	

0.00348	10.4444	2	0	0.1	-24.9244	-0.75146	-1.49093	-32.8305	2.21533	-44.3547	-3.1608e-12	3.34353	3.71154	1.36794	

0.0035	10.4444	2	0	0.1	-24.9244	-0.75146	-1.49093	-32.8305	2.21533	-44.3547	-3.1608e-12	3.34353	3.71154	1.36794	

0.00352	10.4444	2	0	0.1	-24.9244	-0.75146	-1.49093	-32.8305	2.21533	-44.3547	-3.1608e-12	3.34353	3.71154	1.36794	

0.00354	10.4444	2	0	0.1	-24.9244	-0.75146	-1.49093	-32.8305	2.21533	-44.3547	-3.1608e-12	3.34353	3.71154	1.36794	

0.00356	10.4444	2	0	0.1	-24.9244	-0.75146	-1.49093	-32.8305	2.21533	-44.3547	-3.1608e-12	3.34353	3.71154	1.36794	

0.00358	10.4444	2	0	0.1	-24.9244	-0.75146	-1.49093	-32.8305	2.21533	-44.3547	-3.1608e-12	3.34353	3.71154	1.36794	

0.0036	10.4444	2	0	0.1	-24.9244	-0.75146	-1.49093	-32.8305	2.21533	-44.3547	-3.1608e-12	3.34353	3.71154	1.36794	

0.00362	10.4444	2	0	0.1	-24.9244	-0.75146	-1.49093	-32.8305	2.21533	-44.3547	-3.1608e-12	3.34353	3.71154	1.36794	

0.00364	10.4444	2	0	0.1	-24.9244	-0.75146	-1.49093	-32.8305	2.21533	-44.3547	-3.1608e-12	3.34353	3.71154	1.36794	

0.00366	10.4444	2	0	0.1	-24.9244	-0.75146	-1.49093	-32.8305	2.21533	-44.3547	-3.1608e-12	3.34353	3.71154	1.36794	

0.00368	10.4444	2	0	0.1	-24.9244	-0.75146	-1.49093	-32.8305	2.21533	-44.3547	-3.1608e-12	3.34353	3.71154	1.36794	

0.0037	10.4444	2	0	0.1	-24.9244	-0.75146	-1.49093	-32.8305	2.21533	-44.3547	-3.1608e-12	3.34353	3.71154	1.36794	

0.00372	10.4444	2	0	0.1	-24.9244	-0.75146	-1.49093	-32.8305	2.21533	-44.3547	-3.1608e-12	3.34353	3.71154	1.36794	

0.00374	10.4444	2	0	0.1	-24.9244	-0.75146	-1.49093	-32.8305	2.21533	-44.3547	-3.1608e-12	3.34353	3.71154	1.36794	

0.00376	10.4444	2	0	0.1	-24.9244	-0.75146	-1.49093	-32.8305	2.21533	-44.3547	-3.1608e-12	3.34353	3.71154	1.36794	

0.00378	10.4444	2	0	0.1	-24.9244	-0.75146	-1.49093	-32.8305	2.21533	-44.3547	-3.1608e-12	3.34353	3.71154	1.36794	

0.0038	10.4444	2	0	0.1	-24.9244	-0.75146	-1.49093	-32.8305	2.21533	-44.3547	-3.1608e-12	3.34353	3.71154	1.36794	

0.00382	10.4444	2	0	0.1	-24.9244	-0.75146	-1.49093	-32.8305	2.21533	-44.3547	-3.1608e-12	3.34353	3.71154	1.36794	

0.00384	10.4444	2	0	0.1	-24.9244	-0.75146	-1.49093	-32.8305	2.21533	-44.3547	-3.1608e-12	3.34353	3.71154	1.36794	

0.00386	10.4444	2	0	0.1	-24.9244	-0.75146	-1.49093	-32.8305	2.21533	-44.3547	-3.1608e-12	3.34353	3.71154	1.36794	

0.00388	10.4444	2	0	0.1	-24.9244	-0.75146	-1.49093	-32.8305	2.21533	-44.3547	-3.1608e-12	3.34353	3.71154	1.36794	

0.0039	10.4444	2	0	0.1	-24.9244	-0.75146	-1.49093	-32.8305	2.21533	-44.3547	-3.1608e-12	3.34353	3.71154	1.36794	

0.00392	10.4444	2	0	0.1	-24.9244	-0.75146	-1.49093	-32.8305	2.21533	-44.3547	-3.1608e-12	3.34353	3.71154	1.36794	

0.00394	10.4444	2	0	0.1	-24.9244	-0.75146	-1.49093	-32.8305	2.21533	-44.3547	-3.1608e-12	3.34353	3.71154	1.36794	

0.00396	10.4444	2	0	0.1	-24.9244	-0.75146	-1.49093	-32.8305	2.21533	-44.3547	-3.1608e-12	3.34353	3.71154	1.36794	

0.00398	10.4444	2	0	0.1	-24.9244	-0.75146	-1.49093	-32.8305	2.21533	-44.3547	-3.1608e-12	3.34353	3.71154	1.36794	

0.004	10.4444	2	0	0.1	-24.9244	-0.75146	-1.49093	-32.8305	2.21533	-44.3547	-3.1608e-12	3.34353	3.71154	1.36794	

0.00402	10.4444	2	0	0.1	-24.9244	-0.75146	-1.49093	-32.8305	2.21533	-44.3547	-3.1608e-12	3.34353	3.71154	1.36794	

0.00404	10.4444	2	0	0.1	-24.9244	-0.75146	-1.49093	-32.8305	2.21533	-44.3547	-3.1608e-12	3.34353	3.71154	1.36794	

0.00406	10.4444	2	0	0.1	-24.9244	-0.75146	-1.49093	-32.8305	2.21533	-44.3547	-3.1608e-12	3.34353	3.71154	1.36794	

0.00408	10.4444	2	0	0.1	-24.9244	-0.75146	-1.49093	-32.8305	2.21533	-44.3547	-3.1608e-12	3.34353	3.71154	1.36794	

0.0041	10.4444	2	0	0.1	-24.9244	-0.75146	-1.49093	-32.8305	2.21533	-44.3547	-3.1608e-12	3.34353	3.71154	1.36794	

0.00412	10.4444	2	0	0.1	-24.9244	-0.75146	-1.49093	-32.8305	2.21533	-44.3547	-3.1608e-12	3.34353	3.71154	1.36794	

0.00414	10.4444	2	0	0.1	-24.9244	-0.75146	-1.49093	-32.8305	2.21533	-44.3547	-3.1608e-12	3.34353	3.71154	1.36794	

0.00416	10.4444	2	0	0.1	-24.9244	-0.75146	-1.49093	-32.8305	2.21533	-44.3547	-3.1608e-12	3.34353	3.71154	1.36794	

0.00418	10.4444	2	0	0.1	-24.9244	-0.75146	-1.49093	-32.8305	2.21533	-44.3547	-3.1608e-12	3.34353	3.71154	1.36794	

0.0042	10.4444	2	0	0.1	-24.9244	-0.75146	-1.49093	-32.8305	2.21533	-44.3547	-3.1608e-12	3.34353	3.71154	1.36794	

0.00422	10.4444	2	0	0.1	-24.9244	-0.75146	-1.49093	-32.8305	2.21533	-44.3547	-3.1608e-12	3.34353	3.71154	1.36794	

0.00424	10.4444	2	0	0.1	-24.9244	-0.75146	-1.49093	-32.8305	2.21533	-44.3547	-3.1608e-12	3.34353	3.71154	1.36794	

0.00426	10.4444	2	0	0.1	-24.9244	-0.75146	-1.49093	-32.8305	2.21533	-44.3547	-3.1608e-12	3.34353	3.71154	1.36794	

0.00428	10.4444	2	0	0.1	-24.9244	-0.75146	-1.49093	-32.8305	2.21533	-44.3547	-3.1608e-12	3.34353	3.71154	1.36794	

0.0043	10.4444	2	0	0.1	-24.9244	-0.75146	-1.49093	-32.8305	2.21533	-44.3547	-3.1608e-12	3.34353	3.71154	1.36794	

0.00432	10.4444	2	0	0.1	-24.9244	-0.75146	-1.49093	-32.8305	2.21533	-44.3547	-3.1608e-12	3.34353	3.71154	1.36794	

0.00434	10.4444	2	0	0.1	-24.9244	-0.75146	-1.49093	-32.8305	2.21533	-44.3547	-3.1608e-12	3.34353	3.71154	1.36794	

0.00436	10.4444	2	0	0.1	-24.9244	-0.75146	-1.49093	-32.8305	2.21533	-44.3547	-3.1608e-12	3.34353	3.71154	1.36794	

0.00438	10.4444	2	0	0.1	-24.9244	-0.75146	-1.49093	-32.8305	2.21533	-44.3547	-3.1608e-12	3.34353	3.71154	1.36794	

0.0044	10.4444	2	0	0.1	-24.9244	-0.75146	-1.49093	-32.8305	2.21533	-44.3547	-3.1608e-12	3.34353	3.71154	1.36794	

0.00442	10.4444	2	0	0.1	-24.9244	-0.75146	-1.49093	-32.8305	2.21533	-44.3547	-3.1608e-12	3.34353	3.71154	1.36794	

0.00444	10.4444	2	0	0.1	-24.9244	-0.75146	-1.49093	-32.8305	2.21533	-44.3547	-3.1608e-12	3.34353	3.71154	1.36794	

0.00446	10.4444	2	0	0.1	-24.9244	-0.75146	-1.49093	-32.8305	2.21533	-44.3547	-3.1608e-12	3.34353	3.71154	1.36794	

0.00448	10.4444	2	0	0.1	-24.9244	-0.75146	-1.49093	-32.8305	2.21533	-44.3547	-3.1608e-12	3.34353	3.71154	1.36794	

0.0045	10.4444	2	0	0.1	-24.9244	-0.75146	-1.49093	-32.8305	2.21533	-44.3547	-3.1608e-12	3.34353	3.71154	1.36794	

0.00452	10.4444	2	0	0.1	-24.9244	-0.75146	-1.49093	-32.8305	2.21533	-44.3547	-3.1608e-12	3.34353	3.71154	1.36794	

0.00454	10.4444	2	0	0.1	-24.9244	-0.75146	-1.49093	-32.8305	2.21533	-44.3547	-3.1608e-12	3.34353	3.71154	1.36794	

0.00456	10.4444	2	0	0.1	-24.9244	-0.75146	-1.49093	-32.8305	2.21533	-44.3547	-3.1608e-12	3.34353	3.71154	1.36794	

0.00458	10.4444	2	0	0.1	-24.9244	-0.75146	-1.49093	-32.8305	2.21533	-44.3547	-3.1608e-12	3.34353	3.71154	1.36794	

0.0046	10.4444	2	0	0.1	-24.9244	-0.75146	-1.49093	-32.8305	2.21533	-44.3547	-3.1608e-12	3.34353	3.71154	1.36794	

0.00462	10.4444	2	0	0.1	-24.9244	-0.75146	-1.49093	-32.8305	2.21533	-44.3547	-3.1608e-12	3.34353	3.71154	1.36794	

0.00464	10.4444	2	0	0.1	-24.9244	-0.75146	-1.49093	-32.8305	2.21533	-44.3547	-3.1608e-12	3.34353	3.71154	1.36794	

0.00466	10.4444	2	0	0.1	-24.9244	-0.75146	-1.49093	-32.8305	2.21533	-44.3547	-3.1608e-12	3.34353	3.71154	1.36794	

0.00468	10.4444	2	0	0.1	-24.9244	-0.75146	-1.49093	-32.8305	2.21533	-44.3547	-3.1608e-12	3.34353	3.71154	1.36794	

0.0047	10.4444	2	0	0.1	-24.9244	-0.75146	-1.49093	-32.8305	2.21533	-44.3547	-3.1608e-12	3.34353	3.71154	1.36794	

0.00472	10.4444	2	0	0.1	-24.9244	-0.75146	-1.49093	-32.8305	2.21533	-44.3547	-3.1608e-12	3.34353	3.71154	1.36794	

0.00474	10.4444	2	0	0.1	-24.9244	-0.75146	-1.49093	-32.8305	2.21533	-44.3547	-3.1608e-12	3.34353	3.71154	1.36794	

0.00476	10.4444	2	0	0.1	-24.9244	-0.75146	-1.49093	-32.8305	2.21533	-44.3547	-3.1608e-12	3.34353	3.71154	1.36794	

0.00478	10.4444	2	0	0.1	-24.9244	-0.75146	-1.49093	-32.8305	2.21533	-44.3547	-3.1608e-12	3.34353	3.71154	1.36794	

0.0048	10.4444	2	0	0.1	-24.9244	-0.75146	-1.49093	-32.8305	2.21533	-44.3547	-3.1608e-12	3.34353	3.71154	1.36794	

0.00482	10.4444	2	0	0.1	-24.9244	-0.75146	-1.49093	-32.8305	2.21533	-44.3547	-3.1608e-12	3.34353	3.71154	1.36794	

0.00484	10.4444	2	0	0.1	-24.9244	-0.75146	-1.49093	-32.8305	2.21533	-44.3547	-3.1608e-12	3.34353	3.71154	1.36794	

0.00486	10.4444	2	0	0.1	-24.9244	-0.75146	-1.49093	-32.8305	2.21533	-44.3547	-3.1608e-12	3.34353	3.71154	1.36794	

0.00488	10.4444	2	0	0.1	-24.9244	-0.75146	-1.49093	-32.8305	2.21533	-44.3547	-3.1608e-12	3.34353	3.71154	1.36794	

0.0049	10.4444	2	0	0.1	-24.9244	-0.75146	-1.49093	-32.8305	2.21533	-44.3547	-3.1608e-12	3.34353	3.71154	1.36794	

0.00492	10.4444	2	0	0.1	-24.9244	-0.75146	-1.49093	-32.8305	2.21533	-44.3547	-3.1608e-12	3.34353	3.71154	1.36794	

0.00494	10.4444	2	0	0.1	-24.9244	-0.75146	-1.49093	-32.8305	2.21533	-44.3547	-3.1608e-12	3.34353	3.71154	1.36794	

0.00496	10.4444	2	0	0.1	-24.9244	-0.75146	-1.49093	-32.8305	2.21533	-44.3547	-3.1608e-12	3.34353	3.71154	1.36794	

0.00498	10.4444	2	0	0.1	-24.9244	-0.75146	-1.49093	-32.8305	2.21533	-44.3547	-3.1608e-12	3.34353	3.71154	1.36794	

0.005	10.4444	0	-0.03	-0.01	-24.8595	1.21775	-1.01968	-32.7364	0.0151235	-44.1823	2.25153e-12	3.34297	3.71099	1.36794	

0.00502	10.4444	0	-0.03	-0.01	-24.8595	1.21775	-1.01968	-32.7364	0.0151235	-44.1823	2.25153e-12	3.34297	3.71099	1.36794	

0.00504	10.4444	0	-0.03	-0.01	-24.8595	1.21775	-1.01968	-32.7364	0.0151235	-44.1823	2.25153e-12	3.34297	3.71099	1.36794	

0.00506	10.4444	0	-0.03	-0.01	-24.8595	1.21775	-1.01968	-32.7364	0.0151235	-44.1823	2.25153e-12	3.34297	3.71099	1.36794	

0.00508	10.4444	0	-0.03	-0.01	-24.8595	1.21775	-1.01968	-32.7364	0.0151235	-44.1823	2.25153e-12	3.34297	3.71099	1.36794	

0.0051	10.4444	0	-0.03	-0.01	-24.8595	1.21775	-1.01968	-32.7364	0.0151235	-44.1823	2.25153e-12	3.34297	3.71099	1.36794	

0.00512	10.4444	0	-0.03	-0.01	-24.8595	1.21775	-1.01968	-32.7364	0.0151235	-44.1823	2.25153e-12	3.34297	3.71099	1.36794	

0.00514	10.4444	0	-0.03	-0.01	-24.8595	1.21775	-1.01968	-32.7364	0.0151235	-44.1823	2.25153e-12	3.34297	3.71099	1.36794	

0.00516	10.4444	0	-0.03	-0.01	-24.8595	1.21775	-1.01968	-32.7364	0.0151235	-44.1823	2.25153e-12	3.34297	3.71099	1.36794	

0.00518	10.4444	0	-0.03	-0.01	-24.8595	1.21775	-1.01968	-32.7364	0.0151235	-44.1823	2.25153e-12	3.34297	3.71099	1.36794	

0.0052	10.4444	0	-0.03	-0.01	-24.8595	1.21775	-1.01968	-32.7364	0.0151235	-44.1823	2.25153e-12	3.34297	3.71099	1.36794	

0.00522	10.4444	0	-0.03	-0.01	-24.8595	1.21775	-1.01968	-32.7364	0.0151235	-44.1823	2.25153e-12	3.34297	3.71099	1.36794	

0.00524	10.4444	0	-0.03	-0.01	-24.8595	1.21775	-1.01968	-32.7364	0.0151235	-44.1823	2.25153e-12	3.34297	3.71099	1.36794	

0.00526	10.4444	0	-0.03	-0.01	-24.8595	1.21775	-1.01968	-32.7364	0.0151235	-44.1823	2.25153e-12	3.34297	3.71099	1.36794	

0.00528	10.4444	0	-0.03	-0.01	-24.8595	1.21775	-1.01968	-32.7364	0.0151235	-44.1823	2.25153e-12	3.34297	3.71099	1.36794	

0.0053	10.4444	0	-0.03	-0.01	-24.8595	1.21775	-1.01968	-32.7364	0.0151235	-44.1823	2.25153e-12	3.34297	3.71099	1.36794	

0.00532	10.4444	0	-0.03	-0.01	-24.8595	1.21775	-1.01968	-32.7364	0.0151235	-44.1823	2.25153e-12	3.34297	3.71099	1.36794	

0.00534	10.4444	0	-0.03	-0.01	-24.8595	1.21775	-1.01968	-32.7364	0.0151235	-44.1823	2.25153e-12	3.34297	3.71099	1.36794	

0.00536	10.4444	0	-0.03	-0.01	-24.8595	1.21775	-1.01968	-32.7364	0.0151235	-44.1823	2.25153e-12	3.34297	3.71099	1.36794	

0.00538	10.4444	0	-0.03	-0.01	-24.8595	1.21775	-1.01968	-32.7364	0.0151235	-44.1823	2.25153e-12	3.34297	3.71099	1.36794	

0.0054	10.4444	0	-0.03	-0.01	-24.8595	1.21775	-1.01968	-32.7364	0.0151235	-44.1823	2.25153e-12	3.34297	3.71099	1.36794	

0.00542	10.4444	0	-0.03	-0.01	-24.8595	1.21775	-1.01968	-32.7364	0.0151235	-44.1823	2.25153e-12	3.34297	3.71099	1.36794	

0.00544	10.4444	0	-0.03	-0.01	-24.8595	1.21775	-1.01968	-32.7364	0.0151235	-44.1823	2.25153e-12	3.34297	3.71099	1.36794	

0.00546	10.4444	0	-0.03	-0.01	-24.8595	1.21775	-1.01968	-32.7364	0.0151235	-44.1823	2.25153e-12	3.34297	3.71099	1.36794	

0.00548	10.4444	0	-0.03	-0.01	-24.8595	1.21775	-1.01968	-32.7364	0.0151235	-44.1823	2.25153e-12	3.34297	3.71099	1.36794	

0.0055	10.4444	0	-0.03	-0.01	-24.8595	1.21775	-1.01968	-32.7364	0.0151235	-44.1823	2.25153e-12	3.34297	3.71099	1.36794	

0.00552	10.4444	0	-0.03	-0.01	-24.8595	1.21775	-1.01968	-32.7364	0.0151235	-44.1823	2.25153e-12	3.34297	3.71099	1.36794	

0.00554	10.4444	0	-0.03	-0.01	-24.8595	1.21775	-1.01968	-32.7364	0.0151235	-44.1823	2.25153e-12	3.34297	3.71099	1.36794	

0.00556	10.4444	0	-0.03	-0.01	-24.8595	1.21775	-1.01968	-32.7364	0.0151235	-44.1823	2.25153e-12	3.34297	3.71099	1.36794	

0.00558	10.4444	0	-0.03	-0.01	-24.8595	1.21775	-1.01968	-32.7364	0.0151235	-44.1823	2.25153e-12	3.34297	3.71099	1.36794	

0.0056	10.4444	0	-0.03	-0.01	-24.8595	1.21775	-1.01968	-32.7364	0.0151235	-44.1823	2.25153e-12	3.34297	3.71099	1.36794	

0.00562	10.4444	0	-0.03	-0.01	-24.8595	1.21775	-1.01968	-32.7364	0.0151235	-44.1823	2.25153e-12	3.34297	3.71099	1.36794	

0.00564	10.4444	0	-0.03	-0.01	-24.8595	1.21775	-1.01968	-32.7364	0.0151235	-44.1823	2.25153e-12	3.34297	3.71099	1.36794	

0.00566	10.4444	0	-0.03	-0.01	-24.8595	1.21775	-1.01968	-32.7364	0.0151235	-44.1823	2.25153e-12	3.34297	3.71099	1.36794	

0.00568	10.4444	0	-0.03	-0.01	-24.8595	1.21775	-1.01968	-32.7364	0.0151235	-44.1823	2.25153e-12	3.34297	3.71099	1.36794	

0.0057	10.4444	0	-0.03	-0.01	-24.8595	1.21775	-1.01968	-32.7364	0.0151235	-44.1823	2.25153e-12	3.34297	3.71099	1.36794	

0.00572	10.4444	0	-0.03	-0.01	-24.8595	1.21775	-1.01968	-32.7364	0.0151235	-44.1823	2.25153e-12	3.34297	3.71099	1.36794	

0.00574	10.4444	0	-0.03	-0.01	-24.8595	1.21775	-1.01968	-32.7364	0.0151235	-44.1823	2.25153e-12	3.34297	3.71099	1.36794	

0.00576	10.4444	0	-0.03	-0.01	-24.8595	1.21775	-1.01968	-32.7364	0.0151235	-44.1823	2.25153e-12	3.34297	3.71099	1.36794	

0.00578	10.4444	0	-0.03	-0.01	-24.8595	1.21775	-1.01968	-32.7364	0.0151235	-44.1823	2.25153e-12	3.34297	3.71099	1.36794	

0.0058	10.4444	0	-0.03	-0.01	-24.8595	1.21775	-1.01968	-32.7364	0.0151235	-44.1823	2.25153e-12	3.34297	3.71099	1.36794	

0.00582	10.4444	0	-0.03	-0.01	-24.8595	1.21775	-1.01968	-32.7364	0.0151235	-44.1823	2.25153e-12	3.34297	3.71099	1.36794	

0.00584	10.4444	0	-0.03	-0.01	-24.8595	1.21775	-1.01968	-32.7364	0.0151235	-44.1823	2.25153e-12	3.34297	3.71099	1.36794	

0.00586	10.4444	0	-0.03	-0.01	-24.8595	1.21775	-1.01968	-32.7364	0.0151235	-44.1823	2.25153e-12	3.34297	3.71099	1.36794	

0.00588	10.4444	0	-0.03	-0.01	-24.8595	1.21775	-1.01968	-32.7364	0.0151235	-44.1823	2.25153e-12	3.34297	3.71099	1.36794	

0.0059	10.4444	0	-0.03	-0.01	-24.8595	1.21775	-1.01968	-32.7364	0.0151235	-44.1823	2.25153e-12	3.34297	3.71099	1.36794	

0.00592	10.4444	0	-0.03	-0.01	-24.8595	1.21775	-1.01968	-32.7364	0.0151235	-44.1823	2.25153e-12	3.34297	3.71099	1.36794	

0.00594	10.4444	0	-0.03	-0.01	-24.8595	1.21775	-1.01968	-32.7364	0.0151235	-44.1823	2.25153e-12	3.34297	3.71099	1.36794	

0.00596	10.4444	0	-0.03	-0.01	-24.8595	1.21775	-1.01968	-32.7364	0.0151235	-44.1823	2.25153e-12	3.34297	3.71099	1.36794	

0.00598	10.4444	0	-0.03	-0.01	-24.8595	1.21775	-1.01968	-32.7364	0.0151235	-44.1823	2.25153e-12	3.34297	3.71099	1.36794	

0.006	10.4444	0	-0.03	-0.01	-24.8595	1.21775	-1.01968	-32.7364	0.0151235	-44.1823	2.25153e-12	3.34297	3.71099	1.36794	

0.00602	10.4444	0	-0.03	-0.01	-24.8595	1.21775	-1.01968	-32.7364	0.0151235	-44.1823	2.25153e-12	3.34297	3.71099	1.36794	

0.00604	10.4444	0	-0.03	-0.01	-24.8595	1.21775	-1.01968	-32.7364	0.0151235	-44.1823	2.25153e-12	3.34297	3.71099	1.36794	

0.00606	10.4444	0	-0.03	-0.01	-24.8595	1.21775	-1.01968	-32.7364	0.0151235	-44.1823	2.25153e-12	3.34297	3.71099	1.36794	

0.00608	10.4444	0	-0.03	-0.01	-24.8595	1.21775	-1.01968	-32.7364	0.0151235	-44.1823	2.25153e-12	3.34297	3.71099	1.36794	

0.0061	10.4444	0	-0.03	-0.01	-24.8595	1.21775	-1.01968	-32.7364	0.0151235	-44.1823	2.25153e-12	3.34297	3.71099	1.36794	

0.00612	10.4444	0	-0.03	-0.01	-24.8595	1.21775	-1.01968	-32.7364	0.0151235	-44.1823	2.25153e-12	3.34297	3.71099	1.36794	

0.00614	10.4444	0	-0.03	-0.01	-24.8595	1.21775	-1.01968	-32.7364	0.0151235	-44.1823	2.25153e-12	3.34297	3.71099	1.36794	

0.00616	10.4444	0	-0.03	-0.01	-24.8595	1.21775	-1.01968	-32.7364	0.0151235	-44.1823	2.25153e-12	3.34297	3.71099	1.36794	

0.00618	10.4444	0	-0.03	-0.01	-24.8595	1.21775	-1.01968	-32.7364	0.0151235	-44.1823	2.25153e-12	3.34297	3.71099	1.36794	

0.0062	10.4444	0	-0.03	-0.01	-24.8595	1.21775	-1.01968	-32.7364	0.0151235	-44.1823	2.25153e-12	3.34297	3.71099	1.36794	

0.00622	10.4444	0	-0.03	-0.01	-24.8595	1.21775	-1.01968	-32.7364	0.0151235	-44.1823	2.25153e-12	3.34297	3.71099	1.36794	

0.00624	10.4444	0	-0.03	-0.01	-24.8595	1.21775	-1.01968	-32.7364	0.0151235	-44.1823	2.25153e-12	3.34297	3.71099	1.36794	

0.00626	10.4444	0	-0.03	-0.01	-24.8595	1.21775	-1.01968	-32.7364	0.0151235	-44.1823	2.25153e-12	3.34297	3.71099	1.36794	

0.00628	10.4444	0	-0.03	-0.01	-24.8595	1.21775	-1.01968	-32.7364	0.0151235	-44.1823	2.25153e-12	3.34297	3.71099	1.36794	

0.0063	10.4444	0	-0.03	-0.01	-24.8595	1.21775	-1.01968	-32.7364	0.0151235	-44.1823	2.25153e-12	3.34297	3.71099	1.36794	

0.00632	10.4444	0	-0.03	-0.01	-24.8595	1.21775	-1.01968	-32.7364	0.0151235	-44.1823	2.25153e-12	3.34297	3.71099	1.36794	

0.00634	10.4444	0	-0.03	-0.01	-24.8595	1.21775	-1.01968	-32.7364	0.0151235	-44.1823	2.25153e-12	3.34297	3.71099	1.36794	

0.00636	10.4444	0	-0.03	-0.01	-24.8595	1.21775	-1.01968	-32.7364	0.0151235	-44.1823	2.25153e-12	3.34297	3.71099	1.36794	

0.00638	10.4444	0	-0.03	-0.01	-24.8595	1.21775	-1.01968	-32.7364	0.0151235	-44.1823	2.25153e-12	3.34297	3.71099	1.36794	

0.0064	10.4444	0	-0.03	-0.01	-24.8595	1.21775	-1.01968	-32.7364	0.0151235	-44.1823	2.25153e-12	3.34297	3.71099	1.36794	

0.00642	10.4444	0	-0.03	-0.01	-24.8595	1.21775	-1.01968	-32.7364	0.0151235	-44.1823	2.25153e-12	3.34297	3.71099	1.36794	

0.00644	10.4444	0	-0.03	-0.01	-24.8595	1.21775	-1.01968	-32.7364	0.0151235	-44.1823	2.25153e-12	3.34297	3.71099	1.36794	

0.00646	10.4444	0	-0.03	-0.01	-24.8595	1.21775	-1.01968	-32.7364	0.0151235	-44.1823	2.25153e-12	3.34297	3.71099	1.36794	

0.00648	10.4444	0	-0.03	-0.01	-24.8595	1.21775	-1.01968	-32.7364	0.0151235	-44.1823	2.25153e-12	3.34297	3.71099	1.36794	

0.0065	10.4444	0	-0.03	-0.01	-24.8595	1.21775	-1.01968	-32.7364	0.0151235	-44.1823	2.25153e-12	3.34297	3.71099	1.36794	

0.00652	10.4444	0	-0.03	-0.01	-24.8595	1.21775	-1.01968	-32.7364	0.0151235	-44.1823	2.25153e-12	3.34297	3.71099	1.36794	

0.00654	10.4444	0	-0.03	-0.01	-24.8595	1.21775	-1.01968	-32.7364	0.0151235	-44.1823	2.25153e-12	3.34297	3.71099	1.36794	

0.00656	10.4444	0	-0.03	-0.01	-24.8595	1.21775	-1.01968	-32.7364	0.0151235	-44.1823	2.25153e-12	3.34297	3.71099	1.36794	

0.00658	10.4444	0	-0.03	-0.01	-24.8595	1.21775	-1.01968	-32.7364	0.0151235	-44.1823	2.25153e-12	3.34297	3.71099	1.36794	

0.0066	10.4444	0	-0.03	-0.01	-24.8595	1.21775	-1.01968	-32.7364	0.0151235	-44.1823	2.25153e-12	3.34297	3.71099	1.36794	

0.00662	10.4444	0	-0.03	-0.01	-24.8595	1.21775	-1.01968	-32.7364	0.0151235	-44.1823	2.25153e-12	3.34297	3.71099	1.36794	

0.00664	10.4444	0	-0.03	-0.01	-24.8595	1.21775	-1.01968	-32.7364	0.0151235	-44.1823	2.25153e-12	3.34297	3.71099	1.36794	

0.00666	10.4444	0	-0.03	-0.01	-24.8595	1.21775	-1.01968	-32.7364	0.0151235	-44.1823	2.25153e-12	3.34297	3.71099	1.36794	

0.00668	10.4444	0	-0.03	-0.01	-24.8595	1.21775	-1.01968	-32.7364	0.0151235	-44.1823	2.25153e-12	3.34297	3.71099	1.36794	

0.0067	10.4444	0	-0.03	-0.01	-24.8595	1.21775	-1.01968	-32.7364	0.0151235	-44.1823	2.25153e-12	3.34297	3.71099	1.36794	

0.00672	10.4444	0	-0.03	-0.01	-24.8595	1.21775	-1.01968	-32.7364	0.0151235	-44.1823	2.25153e-12	3.34297	3.71099	1.36794	

0.00674	10.4444	0	-0.03	-0.01	-24.8595	1.21775	-1.01968	-32.7364	0.0151235	-44.1823	2.25153e-12	3.34297	3.71099	1.36794	

0.00676	10.4444	0	-0.03	-0.01	-24.8595	1.21775	-1.01968	-32.7364	0.0151235	-44.1823	2.25153e-12	3.34297	3.71099	1.36794	

0.00678	10.4444	0	-0.03	-0.01	-24.8595	1.21775	-1.01968	-32.7364	0.0151235	-44.1823	2.25153e-12	3.34297	3.71099	1.36794	

0.0068	10.4444	0	-0.03	-0.01	-24.8595	1.21775	-1.01968	-32.7364	0.0151235	-44.1823	2.25153e-12	3.34297	3.71099	1.36794	

0.00682	10.4444	0	-0.03	-0.01	-24.8595	1.21775	-1.01968	-32.7364	0.0151235	-44.1823	2.25153e-12	3.34297	3.71099	1.36794	

0.00684	10.4444	0	-0.03	-0.01	-24.8595	1.21775	-1.01968	-32.7364	0.0151235	-44.1823	2.25153e-12	3.34297	3.71099	1.36794	

0.00686	10.4444	0	-0.03	-0.01	-24.8595	1.21775	-1.01968	-32.7364	0.0151235	-44.1823	2.25153e-12	3.34297	3.71099	1.36794	

0.00688	10.4444	0	-0.03	-0.01	-24.8595	1.21775	-1.01968	-32.7364	0.0151235	-44.1823	2.25153e-12	3.34297	3.71099	1.36794	

0.0069	10.4444	0	-0.03	-0.01	-24.8595	1.21775	-1.01968	-32.7364	0.0151235	-44.1823	2.25153e-12	3.34297	3.71099	1.36794	

0.00692	10.4444	0	-0.03	-0.01	-24.8595	1.21775	-1.01968	-32.7364	0.0151235	-44.1823	2.25153e-12	3.34297	3.71099	1.36794	

0.00694	10.4444	0	-0.03	-0.01	-24.8595	1.21775	-1.01968	-32.7364	0.0151235	-44.1823	2.25153e-12	3.34297	3.71099	1.36794	

0.00696	10.4444	0	-0.03	-0.01	-24.8595	1.21775	-1.01968	-32.7364	0.0151235	-44.1823	2.25153e-12	3.34297	3.71099	1.36794	

0.00698	10.4444	0	-0.03	-0.01	-24.8595	1.21775	-1.01968	-32.7364	0.0151235	-44.1823	2.25153e-12	3.34297	3.71099	1.36794	

0.007	10.4444	0	-0.03	-0.01	-24.8595	1.21775	-1.01968	-32.7364	0.0151235	-44.1823	2.25153e-12	3.34297	3.71099	1.36794	

0.00702	10.4444	0	-0.03	-0.01	-24.8595	1.21775	-1.01968	-32.7364	0.0151235	-44.1823	2.25153e-12	3.34297	3.71099	1.36794	

0.00704	10.4444	0	-0.03	-0.01	-24.8595	1.21775	-1.01968	-32.7364	0.0151235	-44.1823	2.25153e-12	3.34297	3.71099	1.36794	

0.00706	10.4444	0	-0.03	-0.01	-24.8595	1.21775	-1.01968	-32.7364	0.0151235	-44.1823	2.25153e-12	3.34297	3.71099	1.36794	

0.00708	10.4444	0	-0.03	-0.01	-24.8595	1.21775	-1.01968	-32.7364	0.0151235	-44.1823	2.25153e-12	3.34297	3.71099	1.36794	

0.0071	10.4444	0	-0.03	-0.01	-24.8595	1.21775	-1.01968	-32.7364	0.0151235	-44.1823	2.25153e-12	3.34297	3.71099	1.36794	

0.00712	10.4444	0	-0.03	-0.01	-24.8595	1.21775	-1.01968	-32.7364	0.0151235	-44.1823	2.25153e-12	3.34297	3.71099	1.36794	

0.00714	10.4444	0	-0.03	-0.01	-24.8595	1.21775	-1.01968	-32.7364	0.0151235	-44.1823	2.25153e-12	3.34297	3.71099	1.36794	

0.00716	10.4444	0	-0.03	-0.01	-24.8595	1.21775	-1.01968	-32.7364	0.0151235	-44.1823	2.25153e-12	3.34297	3.71099	1.36794	

0.00718	10.4444	0	-0.03	-0.01	-24.8595	1.21775	-1.01968	-32.7364	0.0151235	-44.1823	2.25153e-12	3.34297	3.71099	1.36794	

0.0072	10.4444	0	-0.03	-0.01	-24.8595	1.21775	-1.01968	-32.7364	0.0151235	-44.1823	2.25153e-12	3.34297	3.71099	1.36794	

0.00722	10.4444	0	-0.03	-0.01	-24.8595	1.21775	-1.01968	-32.7364	0.0151235	-44.1823	2.25153e-12	3.34297	3.71099	1.36794	

0.00724	10.4444	0	-0.03	-0.01	-24.8595	1.21775	-1.01968	-32.7364	0.0151235	-44.1823	2.25153e-12	3.34297	3.71099	1.36794	

0.00726	10.4444	0	-0.03	-0.01	-24.8595	1.21775	-1.01968	-32.7364	0.0151235	-44.1823	2.25153e-12	3.34297	3.71099	1.36794	

0.00728	10.4444	0	-0.03	-0.01	-24.8595	1.21775	-1.01968	-32.7364	0.0151235	-44.1823	2.25153e-12	3.34297	3.71099	1.36794	

0.0073	10.4444	0	-0.03	-0.01	-24.8595	1.21775	-1.01968	-32.7364	0.0151235	-44.1823	2.25153e-12	3.34297	3.71099	1.36794	

0.00732	10.4444	0	-0.03	-0.01	-24.8595	1.21775	-1.01968	-32.7364	0.0151235	-44.1823	2.25153e-12	3.34297	3.71099	1.36794	

0.00734	10.4444	0	-0.03	-0.01	-24.8595	1.21775	-1.01968	-32.7364	0.0151235	-44.1823	2.25153e-12	3.34297	3.71099	1.36794	

0.00736	10.4444	0	-0.03	-0.01	-24.8595	1.21775	-1.01968	-32.7364	0.0151235	-44.1823	2.25153e-12	3.34297	3.71099	1.36794	

0.00738	10.4444	0	-0.03	-0.01	-24.8595	1.21775	-1.01968	-32.7364	0.0151235	-44.1823	2.25153e-12	3.34297	3.71099	1.36794	

0.0074	10.4444	0	-0.03	-0.01	-24.8595	1.21775	-1.01968	-32.7364	0.0151235	-44.1823	2.25153e-12	3.34297	3.71099	1.36794	

0.00742	10.4444	0	-0.03	-0.01	-24.8595	1.21775	-1.01968	-32.7364	0.0151235	-44.1823	2.25153e-12	3.34297	3.71099	1.36794	

0.00744	10.4444	0	-0.03	-0.01	-24.8595	1.21775	-1.01968	-32.7364	0.0151235	-44.1823	2.25153e-12	3.34297	3.71099	1.36794	

0.00746	10.4444	0	-0.03	-0.01	-24.8595	1.21775	-1.01968	-32.7364	0.0151235	-44.1823	2.25153e-12	3.34297	3.71099	1.36794	

0.00748	10.4444	0	-0.03	-0.01	-24.8595	1.21775	-1.01968	-32.7364	0.0151235	-44.1823	2.25153e-12	3.34297	3.71099	1.36794	

0.0075	10.4444	0	-0.03	-0.01	-24.8595	1.21775	-1.01968	-32.7364	0.0151235	-44.1823	2.25153e-12	3.34297	3.71099	1.36794	

0.00752	10.4444	0	-0.03	-0.01	-24.8595	1.21775	-1.01968	-32.7364	0.0151235	-44.1823	2.25153e-12	3.34297	3.71099	1.36794	

0.00754	10.4444	0	-0.03	-0.01	-24.8595	1.21775	-1.01968	-32.7364	0.0151235	-44.1823	2.25153e-12	3.34297	3.71099	1.36794	

0.00756	10.4444	0	-0.03	-0.01	-24.8595	1.21775	-1.01968	-32.7364	0.0151235	-44.1823	2.25153e-12	3.34297	3.71099	1.36794	

0.00758	10.4444	0	-0.03	-0.01	-24.8595	1.21775	-1.01968	-32.7364	0.0151235	-44.1823	2.25153e-12	3.34297	3.71099	1.36794	

0.0076	10.4444	0	-0.03	-0.01	-24.8595	1.21775	-1.01968	-32.7364	0.0151235	-44.1823	2.25153e-12	3.34297	3.71099	1.36794	

0.00762	10.4444	0	-0.03	-0.01	-24.8595	1.21775	-1.01968	-32.7364	0.0151235	-44.1823	2.25153e-12	3.34297	3.71099	1.36794	

0.00764	10.4444	0	-0.03	-0.01	-24.8595	1.21775	-1.01968	-32.7364	0.0151235	-44.1823	2.25153e-12	3.34297	3.71099	1.36794	

0.00766	10.4444	0	-0.03	-0.01	-24.8595	1.21775	-1.01968	-32.7364	0.0151235	-44.1823	2.25153e-12	3.34297	3.71099	1.36794	

0.00768	10.4444	0	-0.03	-0.01	-24.8595	1.21775	-1.01968	-32.7364	0.0151235	-44.1823	2.25153e-12	3.34297	3.71099	1.36794	

0.0077	10.4444	0	-0.03	-0.01	-24.8595	1.21775	-1.01968	-32.7364	0.0151235	-44.1823	2.25153e-12	3.34297	3.71099	1.36794	

0.00772	10.4444	0	-0.03	-0.01	-24.8595	1.21775	-1.01968	-32.7364	0.0151235	-44.1823	2.25153e-12	3.34297	3.71099	1.36794	

0.00774	10.4444	0	-0.03	-0.01	-24.8595	1.21775	-1.01968	-32.7364	0.0151235	-44.1823	2.25153e-12	3.34297	3.71099	1.36794	

0.00776	10.4444	0	-0.03	-0.01	-24.8595	1.21775	-1.01968	-32.7364	0.0151235	-44.1823	2.25153e-12	3.34297	3.71099	1.36794	

0.00778	10.4444	0	-0.03	-0.01	-24.8595	1.21775	-1.01968	-32.7364	0.0151235	-44.1823	2.25153e-12	3.34297	3.71099	1.36794	

0.0078	10.4444	0	-0.03	-0.01	-24.8595	1.21775	-1.01968	-32.7364	0.0151235	-44.1823	2.25153e-12	3.34297	3.71099	1.36794	

0.00782	10.4444	0	-0.03	-0.01	-24.8595	1.21775	-1.01968	-32.7364	0.0151235	-44.1823	2.25153e-12	3.34297	3.71099	1.36794	

0.00784	10.4444	0	-0.03	-0.01	-24.8595	1.21775	-1.01968	-32.7364	0.0151235	-44.1823	2.25153e-12	3.34297	3.71099	1.36794	

0.00786	10.4444	0	-0.03	-0.01	-24.8595	1.21775	-1.01968	-32.7364	0.0151235	-44.1823	2.25153e-12	3.34297	3.71099	1.36794	

0.00788	10.4444	0	-0.03	-0.01	-24.8595	1.21775	-1.01968	-32.7364	0.0151235	-44.1823	2.25153e-12	3.34297	3.71099	1.36794	

0.0079	10.4444	0	-0.03	-0.01	-24.8595	1.21775	-1.01968	-32.7364	0.0151235	-44.1823	2.25153e-12	3.34297	3.71099	1.36794	

0.00792	10.4444	0	-0.03	-0.01	-24.8595	1.21775	-1.01968	-32.7364	0.0151235	-44.1823	2.25153e-12	3.34297	3.71099	1.36794	

0.00794	10.4444	0	-0.03	-0.01	-24.8595	1.21775	-1.01968	-32.7364	0.0151235	-44.1823	2.25153e-12	3.34297	3.71099	1.36794	

0.00796	10.4444	0	-0.03	-0.01	-24.8595	1.21775	-1.01968	-32.7364	0.0151235	-44.1823	2.25153e-12	3.34297	3.71099	1.36794	

0.00798	10.4444	0	-0.03	-0.01	-24.8595	1.21775	-1.01968	-32.7364	0.0151235	-44.1823	2.25153e-12	3.34297	3.71099	1.36794	

0.008	10.4444	0	-0.03	-0.01	-24.8595	1.21775	-1.01968	-32.7364	0.0151235	-44.1823	2.25153e-12	3.34297	3.71099	1.36794	

0.00802	10.4444	0	-0.03	-0.01	-24.8595	1.21775	-1.01968	-32.7364	0.0151235	-44.1823	2.25153e-12	3.34297	3.71099	1.36794	

0.00804	10.4444	0	-0.03	-0.01	-24.8595	1.21775	-1.01968	-32.7364	0.0151235	-44.1823	2.25153e-12	3.34297	3.71099	1.36794	

0.00806	10.4444	0	-0.03	-0.01	-24.8595	1.21775	-1.01968	-32.7364	0.0151235	-44.1823	2.25153e-12	3.34297	3.71099	1.36794	

0.00808	10.4444	0	-0.03	-0.01	-24.8595	1.21775	-1.01968	-32.7364	0.0151235	-44.1823	2.25153e-12	3.34297	3.71099	1.36794	

0.0081	10.4444	0	-0.03	-0.01	-24.8595	1.21775	-1.01968	-32.7364	0.0151235	-44.1823	2.25153e-12	3.34297	3.71099	1.36794	

0.00812	10.4444	0	-0.03	-0.01	-24.8595	1.21775	-1.01968	-32.7364	0.0151235	-44.1823	2.25153e-12	3.34297	3.71099	1.36794	

0.00814	10.4444	0	-0.03	-0.01	-24.8595	1.21775	-1.01968	-32.7364	0.0151235	-44.1823	2.25153e-12	3.34297	3.71099	1.36794	

0.00816	10.4444	0	-0.03	-0.01	-24.8595	1.21775	-1.01968	-32.7364	0.0151235	-44.1823	2.25153e-12	3.34297	3.71099	1.36794	

0.00818	10.4444	0	-0.03	-0.01	-24.8595	1.21775	-1.01968	-32.7364	0.0151235	-44.1823	2.25153e-12	3.34297	3.71099	1.36794	

0.0082	10.4444	0	-0.03	-0.01	-24.8595	1.21775	-1.01968	-32.7364	0.0151235	-44.1823	2.25153e-12	3.34297	3.71099	1.36794	

0.00822	10.4444	0	-0.03	-0.01	-24.8595	1.21775	-1.01968	-32.7364	0.0151235	-44.1823	2.25153e-12	3.34297	3.71099	1.36794	

0.00824	10.4444	0	-0.03	-0.01	-24.8595	1.21775	-1.01968	-32.7364	0.0151235	-44.1823	2.25153e-12	3.34297	3.71099	1.36794	

0.00826	10.4444	0	-0.03	-0.01	-24.8595	1.21775	-1.01968	-32.7364	0.0151235	-44.1823	2.25153e-12	3.34297	3.71099	1.36794	

0.00828	10.4444	0	-0.03	-0.01	-24.8595	1.21775	-1.01968	-32.7364	0.0151235	-44.1823	2.25153e-12	3.34297	3.71099	1.36794	

0.0083	10.4444	0	-0.03	-0.01	-24.8595	1.21775	-1.01968	-32.7364	0.0151235	-44.1823	2.25153e-12	3.34297	3.71099	1.36794	

0.00832	10.4444	0	-0.03	-0.01	-24.8595	1.21775	-1.01968	-32.7364	0.0151235	-44.1823	2.25153e-12	3.34297	3.71099	1.36794	

0.00834	10.4444	0	-0.03	-0.01	-24.8595	1.21775	-1.01968	-32.7364	0.0151235	-44.1823	2.25153e-12	3.34297	3.71099	1.36794	

0.00836	10.4444	0	-0.03	-0.01	-24.8595	1.21775	-1.01968	-32.7364	0.0151235	-44.1823	2.25153e-12	3.34297	3.71099	1.36794	

0.00838	10.4444	0	-0.03	-0.01	-24.8595	1.21775	-1.01968	-32.7364	0.0151235	-44.1823	2.25153e-12	3.34297	3.71099	1.36794	

0.0084	10.4444	0	-0.03	-0.01	-24.8595	1.21775	-1.01968	-32.7364	0.0151235	-44.1823	2.25153e-12	3.34297	3.71099	1.36794	

0.00842	10.4444	0	-0.03	-0.01	-24.8595	1.21775	-1.01968	-32.7364	0.0151235	-44.1823	2.25153e-12	3.34297	3.71099	1.36794	

0.00844	10.4444	0	-0.03	-0.01	-24.8595	1.21775	-1.01968	-32.7364	0.0151235	-44.1823	2.25153e-12	3.34297	3.71099	1.36794	

0.00846	10.4444	0	-0.03	-0.01	-24.8595	1.21775	-1.01968	-32.7364	0.0151235	-44.1823	2.25153e-12	3.34297	3.71099	1.36794	

0.00848	10.4444	0	-0.03	-0.01	-24.8595	1.21775	-1.01968	-32.7364	0.0151235	-44.1823	2.25153e-12	3.34297	3.71099	1.36794	

0.0085	10.4444	0	-0.03	-0.01	-24.8595	1.21775	-1.01968	-32.7364	0.0151235	-44.1823	2.25153e-12	3.34297	3.71099	1.36794	

0.00852	10.4444	0	-0.03	-0.01	-24.8595	1.21775	-1.01968	-32.7364	0.0151235	-44.1823	2.25153e-12	3.34297	3.71099	1.36794	

0.00854	10.4444	0	-0.03	-0.01	-24.8595	1.21775	-1.01968	-32.7364	0.0151235	-44.1823	2.25153e-12	3.34297	3.71099	1.36794	

0.00856	10.4444	0	-0.03	-0.01	-24.8595	1.21775	-1.01968	-32.7364	0.0151235	-44.1823	2.25153e-12	3.34297	3.71099	1.36794	

0.00858	10.4444	0	-0.03	-0.01	-24.8595	1.21775	-1.01968	-32.7364	0.0151235	-44.1823	2.25153e-12	3.34297	3.71099	1.36794	

0.0086	10.4444	0	-0.03	-0.01	-24.8595	1.21775	-1.01968	-32.7364	0.0151235	-44.1823	2.25153e-12	3.34297	3.71099	1.36794	

0.00862	10.4444	0	-0.03	-0.01	-24.8595	1.21775	-1.01968	-32.7364	0.0151235	-44.1823	2.25153e-12	3.34297	3.71099	1.36794	

0.00864	10.4444	0	-0.03	-0.01	-24.8595	1.21775	-1.01968	-32.7364	0.0151235	-44.1823	2.25153e-12	3.34297	3.71099	1.36794	

0.00866	10.4444	0	-0.03	-0.01	-24.8595	1.21775	-1.01968	-32.7364	0.0151235	-44.1823	2.25153e-12	3.34297	3.71099	1.36794	

0.00868	10.4444	0	-0.03	-0.01	-24.8595	1.21775	-1.01968	-32.7364	0.0151235	-44.1823	2.25153e-12	3.34297	3.71099	1.36794	

0.0087	10.4444	0	-0.03	-0.01	-24.8595	1.21775	-1.01968	-32.7364	0.0151235	-44.1823	2.25153e-12	3.34297	3.71099	1.36794	

0.00872	10.4444	0	-0.03	-0.01	-24.8595	1.21775	-1.01968	-32.7364	0.0151235	-44.1823	2.25153e-12	3.34297	3.71099	1.36794	

0.00874	10.4444	0	-0.03	-0.01	-24.8595	1.21775	-1.01968	-32.7364	0.0151235	-44.1823	2.25153e-12	3.34297	3.71099	1.36794	

0.00876	10.4444	0	-0.03	-0.01	-24.8595	1.21775	-1.01968	-32.7364	0.0151235	-44.1823	2.25153e-12	3.34297	3.71099	1.36794	

0.00878	10.4444	0	-0.03	-0.01	-24.8595	1.21775	-1.01968	-32.7364	0.0151235	-44.1823	2.25153e-12	3.34297	3.71099	1.36794	

0.0088	10.4444	0	-0.03	-0.01	-24.8595	1.21775	-1.01968	-32.7364	0.0151235	-44.1823	2.25153e-12	3.34297	3.71099	1.36794	

0.00882	10.4444	0	-0.03	-0.01	-24.8595	1.21775	-1.01968	-32.7364	0.0151235	-44.1823	2.25153e-12	3.34297	3.71099	1.36794	

0.00884	10.4444	0	-0.03	-0.01	-24.8595	1.21775	-1.01968	-32.7364	0.0151235	-44.1823	2.25153e-12	3.34297	3.71099	1.36794	

0.00886	10.4444	0	-0.03	-0.01	-24.8595	1.21775	-1.01968	-32.7364	0.0151235	-44.1823	2.25153e-12	3.34297	3.71099	1.36794	

0.00888	10.4444	0	-0.03	-0.01	-24.8595	1.21775	-1.01968	-32.7364	0.0151235	-44.1823	2.25153e-12	3.34297	3.71099	1.36794	

0.0089	10.4444	0	-0.03	-0.01	-24.8595	1.21775	-1.01968	-32.7364	0.0151235	-44.1823	2.25153e-12	3.34297	3.71099	1.36794	

0.00892	10.4444	0	-0.03	-0.01	-24.8595	1.21775	-1.01968	-32.7364	0.0151235	-44.1823	2.25153e-12	3.34297	3.71099	1.36794	

0.00894	10.4444	0	-0.03	-0.01	-24.8595	1.21775	-1.01968	-32.7364	0.0151235	-44.1823	2.25153e-12	3.34297	3.71099	1.36794	

0.00896	10.4444	0	-0.03	-0.01	-24.8595	1.21775	-1.01968	-32.7364	0.0151235	-44.1823	2.25153e-12	3.34297	3.71099	1.36794	

0.00898	10.4444	0	-0.03	-0.01	-24.8595	1.21775	-1.01968	-32.7364	0.0151235	-44.1823	2.25153e-12	3.34297	3.71099	1.36794	

0.009	10.4444	0	-0.03	-0.01	-24.8595	1.21775	-1.01968	-32.7364	0.0151235	-44.1823	2.25153e-12	3.34297	3.71099	1.36794	

0.00902	10.4444	0	-0.03	-0.01	-24.8595	1.21775	-1.01968	-32.7364	0.0151235	-44.1823	2.25153e-12	3.34297	3.71099	1.36794	

0.00904	10.4444	0	-0.03	-0.01	-24.8595	1.21775	-1.01968	-32.7364	0.0151235	-44.1823	2.25153e-12	3.34297	3.71099	1.36794	

0.00906	10.4444	0	-0.03	-0.01	-24.8595	1.21775	-1.01968	-32.7364	0.0151235	-44.1823	2.25153e-12	3.34297	3.71099	1.36794	

0.00908	10.4444	0	-0.03	-0.01	-24.8595	1.21775	-1.01968	-32.7364	0.0151235	-44.1823	2.25153e-12	3.34297	3.71099	1.36794	

0.0091	10.4444	0	-0.03	-0.01	-24.8595	1.21775	-1.01968	-32.7364	0.0151235	-44.1823	2.25153e-12	3.34297	3.71099	1.36794	

0.00912	10.4444	0	-0.03	-0.01	-24.8595	1.21775	-1.01968	-32.7364	0.0151235	-44.1823	2.25153e-12	3.34297	3.71099	1.36794	

0.00914	10.4444	0	-0.03	-0.01	-24.8595	1.21775	-1.01968	-32.7364	0.0151235	-44.1823	2.25153e-12	3.34297	3.71099	1.36794	

0.00916	10.4444	0	-0.03	-0.01	-24.8595	1.21775	-1.01968	-32.7364	0.0151235	-44.1823	2.25153e-12	3.34297	3.71099	1.36794	

0.00918	10.4444	0	-0.03	-0.01	-24.8595	1.21775	-1.01968	-32.7364	0.0151235	-44.1823	2.25153e-12	3.34297	3.71099	1.36794	

0.0092	10.4444	0	-0.03	-0.01	-24.8595	1.21775	-1.01968	-32.7364	0.0151235	-44.1823	2.25153e-12	3.34297	3.71099	1.36794	

0.00922	10.4444	0	-0.03	-0.01	-24.8595	1.21775	-1.01968	-32.7364	0.0151235	-44.1823	2.25153e-12	3.34297	3.71099	1.36794	

0.00924	10.4444	0	-0.03	-0.01	-24.8595	1.21775	-1.01968	-32.7364	0.0151235	-44.1823	2.25153e-12	3.34297	3.71099	1.36794	

0.00926	10.4444	0	-0.03	-0.01	-24.8595	1.21775	-1.01968	-32.7364	0.0151235	-44.1823	2.25153e-12	3.34297	3.71099	1.36794	

0.00928	10.4444	0	-0.03	-0.01	-24.8595	1.21775	-1.01968	-32.7364	0.0151235	-44.1823	2.25153e-12	3.34297	3.71099	1.36794	

0.0093	10.4444	0	-0.03	-0.01	-24.8595	1.21775	-1.01968	-32.7364	0.0151235	-44.1823	2.25153e-12	3.34297	3.71099	1.36794	

0.00932	10.4444	0	-0.03	-0.01	-24.8595	1.21775	-1.01968	-32.7364	0.0151235	-44.1823	2.25153e-12	3.34297	3.71099	1.36794	

0.00934	10.4444	0	-0.03	-0.01	-24.8595	1.21775	-1.01968	-32.7364	0.0151235	-44.1823	2.25153e-12	3.34297	3.71099	1.36794	

0.00936	10.4444	0	-0.03	-0.01	-24.8595	1.21775	-1.01968	-32.7364	0.0151235	-44.1823	2.25153e-12	3.34297	3.71099	1.36794	

0.00938	10.4444	0	-0.03	-0.01	-24.8595	1.21775	-1.01968	-32.7364	0.0151235	-44.1823	2.25153e-12	3.34297	3.71099	1.36794	

0.0094	10.4444	0	-0.03	-0.01	-24.8595	1.21775	-1.01968	-32.7364	0.0151235	-44.1823	2.25153e-12	3.34297	3.71099	1.36794	

0.00942	10.4444	0	-0.03	-0.01	-24.8595	1.21775	-1.01968	-32.7364	0.0151235	-44.1823	2.25153e-12	3.34297	3.71099	1.36794	

0.00944	10.4444	0	-0.03	-0.01	-24.8595	1.21775	-1.01968	-32.7364	0.0151235	-44.1823	2.25153e-12	3.34297	3.71099	1.36794	

0.00946	10.4444	0	-0.03	-0.01	-24.8595	1.21775	-1.01968	-32.7364	0.0151235	-44.1823	2.25153e-12	3.34297	3.71099	1.36794	

0.00948	10.4444	0	-0.03	-0.01	-24.8595	1.21775	-1.01968	-32.7364	0.0151235	-44.1823	2.25153e-12	3.34297	3.71099	1.36794	

0.0095	10.4444	0	-0.03	-0.01	-24.8595	1.21775	-1.01968	-32.7364	0.0151235	-44.1823	2.25153e-12	3.34297	3.71099	1.36794	

0.00952	10.4444	0	-0.03	-0.01	-24.8595	1.21775	-1.01968	-32.7364	0.0151235	-44.1823	2.25153e-12	3.34297	3.71099	1.36794	

0.00954	10.4444	0	-0.03	-0.01	-24.8595	1.21775	-1.01968	-32.7364	0.0151235	-44.1823	2.25153e-12	3.34297	3.71099	1.36794	

0.00956	10.4444	0	-0.03	-0.01	-24.8595	1.21775	-1.01968	-32.7364	0.0151235	-44.1823	2.25153e-12	3.34297	3.71099	1.36794	

0.00958	10.4444	0	-0.03	-0.01	-24.8595	1.21775	-1.01968	-32.7364	0.0151235	-44.1823	2.25153e-12	3.34297	3.71099	1.36794	

0.0096	10.4444	0	-0.03	-0.01	-24.8595	1.21775	-1.01968	-32.7364	0.0151235	-44.1823	2.25153e-12	3.34297	3.71099	1.36794	

0.00962	10.4444	0	-0.03	-0.01	-24.8595	1.21775	-1.01968	-32.7364	0.0151235	-44.1823	2.25153e-12	3.34297	3.71099	1.36794	

0.00964	10.4444	0	-0.03	-0.01	-24.8595	1.21775	-1.01968	-32.7364	0.0151235	-44.1823	2.25153e-12	3.34297	3.71099	1.36794	

0.00966	10.4444	0	-0.03	-0.01	-24.8595	1.21775	-1.01968	-32.7364	0.0151235	-44.1823	2.25153e-12	3.34297	3.71099	1.36794	

0.00968	10.4444	0	-0.03	-0.01	-24.8595	1.21775	-1.01968	-32.7364	0.0151235	-44.1823	2.25153e-12	3.34297	3.71099	1.36794	

0.0097	10.4444	0	-0.03	-0.01	-24.8595	1.21775	-1.01968	-32.7364	0.0151235	-44.1823	2.25153e-12	3.34297	3.71099	1.36794	

0.00972	10.4444	0	-0.03	-0.01	-24.8595	1.21775	-1.01968	-32.7364	0.0151235	-44.1823	2.25153e-12	3.34297	3.71099	1.36794	

0.00974	10.4444	0	-0.03	-0.01	-24.8595	1.21775	-1.01968	-32.7364	0.0151235	-44.1823	2.25153e-12	3.34297	3.71099	1.36794	

0.00976	10.4444	0	-0.03	-0.01	-24.8595	1.21775	-1.01968	-32.7364	0.0151235	-44.1823	2.25153e-12	3.34297	3.71099	1.36794	

0.00978	10.4444	0	-0.03	-0.01	-24.8595	1.21775	-1.01968	-32.7364	0.0151235	-44.1823	2.25153e-12	3.34297	3.71099	1.36794	

0.0098	10.4444	0	-0.03	-0.01	-24.8595	1.21775	-1.01968	-32.7364	0.0151235	-44.1823	2.25153e-12	3.34297	3.71099	1.36794	

0.00982	10.4444	0	-0.03	-0.01	-24.8595	1.21775	-1.01968	-32.7364	0.0151235	-44.1823	2.25153e-12	3.34297	3.71099	1.36794	

0.00984	10.4444	0	-0.03	-0.01	-24.8595	1.21775	-1.01968	-32.7364	0.0151235	-44.1823	2.25153e-12	3.34297	3.71099	1.36794	

0.00986	10.4444	0	-0.03	-0.01	-24.8595	1.21775	-1.01968	-32.7364	0.0151235	-44.1823	2.25153e-12	3.34297	3.71099	1.36794	

0.00988	10.4444	0	-0.03	-0.01	-24.8595	1.21775	-1.01968	-32.7364	0.0151235	-44.1823	2.25153e-12	3.34297	3.71099	1.36794	

0.0099	10.4444	0	-0.03	-0.01	-24.8595	1.21775	-1.01968	-32.7364	0.0151235	-44.1823	2.25153e-12	3.34297	3.71099	1.36794	

0.00992	10.4444	0	-0.03	-0.01	-24.8595	1.21775	-1.01968	-32.7364	0.0151235	-44.1823	2.25153e-12	3.34297	3.71099	1.36794	

0.00994	10.4444	0	-0.03	-0.01	-24.8595	1.21775	-1.01968	-32.7364	0.0151235	-44.1823	2.25153e-12	3.34297	3.71099	1.36794	

0.00996	10.4444	0	-0.03	-0.01	-24.8595	1.21775	-1.01968	-32.7364	0.0151235	-44.1823	2.25153e-12	3.34297	3.71099	1.36794	

0.00998	10.4444	0	-0.03	-0.01	-24.8595	1.21775	-1.01968	-32.7364	0.0151235	-44.1823	2.25153e-12	3.34297	3.71099	1.36794	

