 	density	u_1	u_2	u_3	sigma_11	sigma_12	sigma_13	sigma_22	sigma_23	sigma_33	S 	I1	I2	I3	dI_1	dI_2	dI_3
0	9.11224	0	0.5	1	-31.3338	0.901365	-0.177273	-29.9388	4.24064	-30.3451	1000	3.05165	3.09329	1.04123	

5e-05	9.11224	0	0.5	1	-31.3338	0.901365	-0.177273	-29.9388	4.24064	-30.3451	1000	3.05165	3.09329	1.04123	

0.0001	9.11224	0	0.5	1	-31.3338	0.901365	-0.177273	-29.9388	4.24064	-30.3451	1000	3.05165	3.09329	1.04123	

0.00015	9.11224	0	0.5	1	-31.3338	0.901365	-0.177273	-29.9388	4.24064	-30.3451	1000	3.05165	3.09329	1.04123	

0.0002	9.11224	0	0.5	1	-31.3338	0.901365	-0.177273	-29.9388	4.24064	-30.3451	1000	3.05165	3.09329	1.04123	

0.00025	9.11224	0	0.5	1	-31.3338	0.901365	-0.177273	-29.9388	4.24064	-30.3451	1000	3.05165	3.09329	1.04123	

0.0003	9.11224	0	0.5	1	-31.3338	0.901365	-0.177273	-29.9388	4.24064	-30.3451	1000	3.05165	3.09329	1.04123	

0.00035	9.11224	0	0.5	1	-31.3338	0.901365	-0.177273	-29.9388	4.24064	-30.3451	1000	3.05165	3.09329	1.04123	

0.0004	9.11224	0	0.5	1	-31.3338	0.901365	-0.177273	-29.9388	4.24064	-30.3451	1000	3.05165	3.09329	1.04123	

0.00045	9.11224	0	0.5	1	-31.3338	0.901365	-0.177273	-29.9388	4.24064	-30.3451	1000	3.05165	3.09329	1.04123	

0.0005	9.11224	0	0.5	1	-31.3338	0.901365	-0.177273	-29.9388	4.24064	-30.3451	1000	3.05165	3.09329	1.04123	

0.00055	9.11224	0	0.5	1	-31.3338	0.901365	-0.177273	-29.9388	4.24064	-30.3451	1000	3.05165	3.09329	1.04123	

0.0006	9.11224	0	0.5	1	-31.3338	0.901365	-0.177273	-29.9388	4.24064	-30.3451	1000	3.05165	3.09329	1.04123	

0.00065	9.11224	0	0.5	1	-31.3338	0.901365	-0.177273	-29.9388	4.24064	-30.3451	1000	3.05165	3.09329	1.04123	

0.0007	9.11224	0	0.5	1	-31.3338	0.901365	-0.177273	-29.9388	4.24064	-30.3451	1000	3.05165	3.09329	1.04123	

0.00075	9.11224	0	0.5	1	-31.3338	0.901365	-0.177273	-29.9388	4.24064	-30.3451	1000	3.05165	3.09329	1.04123	

0.0008	9.11224	0	0.5	1	-31.3338	0.901365	-0.177273	-29.9388	4.24064	-30.3451	1000	3.05165	3.09329	1.04123	

0.00085	9.11224	0	0.5	1	-31.3338	0.901365	-0.177273	-29.9388	4.24064	-30.3451	1000	3.05165	3.09329	1.04123	

0.0009	9.11224	0	0.5	1	-31.3338	0.901365	-0.177273	-29.9388	4.24064	-30.3451	1000	3.05165	3.09329	1.04123	

0.00095	9.11224	0	0.5	1	-31.3338	0.901365	-0.177273	-29.9388	4.24064	-30.3451	1000	3.05165	3.09329	1.04123	

0.001	9.11224	0	0.5	1	-31.3338	0.901365	-0.177273	-29.9388	4.24064	-30.3451	1000	3.05165	3.09329	1.04123	

0.00105	9.11224	0	0.5	1	-31.3338	0.901365	-0.177273	-29.9388	4.24064	-30.3451	1000	3.05165	3.09329	1.04123	

0.0011	9.11224	0	0.5	1	-31.3338	0.901365	-0.177273	-29.9388	4.24064	-30.3451	1000	3.05165	3.09329	1.04123	

0.00115	9.11224	0	0.5	1	-31.3338	0.901365	-0.177273	-29.9388	4.24064	-30.3451	1000	3.05165	3.09329	1.04123	

0.0012	9.11224	0	0.5	1	-31.3338	0.901365	-0.177273	-29.9388	4.24064	-30.3451	1000	3.05165	3.09329	1.04123	

0.00125	9.11224	0	0.5	1	-31.3338	0.901365	-0.177273	-29.9388	4.24064	-30.3451	1000	3.05165	3.09329	1.04123	

0.0013	9.11224	0	0.5	1	-31.3338	0.901365	-0.177273	-29.9388	4.24064	-30.3451	1000	3.05165	3.09329	1.04123	

0.00135	9.11224	0	0.5	1	-31.3338	0.901365	-0.177273	-29.9388	4.24064	-30.3451	1000	3.05165	3.09329	1.04123	

0.0014	9.11224	0	0.5	1	-31.3338	0.901365	-0.177273	-29.9388	4.24064	-30.3451	1000	3.05165	3.09329	1.04123	

0.00145	9.11224	0	0.5	1	-31.3338	0.901365	-0.177273	-29.9388	4.24064	-30.3451	1000	3.05165	3.09329	1.04123	

0.0015	9.11224	0	0.5	1	-31.3338	0.901365	-0.177273	-29.9388	4.24064	-30.3451	1000	3.05165	3.09329	1.04123	

0.00155	9.11224	0	0.5	1	-31.3338	0.901365	-0.177273	-29.9388	4.24064	-30.3451	1000	3.05165	3.09329	1.04123	

0.0016	9.11224	0	0.5	1	-31.3338	0.901365	-0.177273	-29.9388	4.24064	-30.3451	1000	3.05165	3.09329	1.04123	

0.00165	9.11224	0	0.5	1	-31.3338	0.901365	-0.177273	-29.9388	4.24064	-30.3451	1000	3.05165	3.09329	1.04123	

0.0017	9.11224	0	0.5	1	-31.3338	0.901365	-0.177273	-29.9388	4.24064	-30.3451	1000	3.05165	3.09329	1.04123	

0.00175	9.11224	0	0.5	1	-31.3338	0.901365	-0.177273	-29.9388	4.24064	-30.3451	1000	3.05165	3.09329	1.04123	

0.0018	9.11224	0	0.5	1	-31.3338	0.901365	-0.177273	-29.9388	4.24064	-30.3451	1000	3.05165	3.09329	1.04123	

0.00185	9.11224	0	0.5	1	-31.3338	0.901365	-0.177273	-29.9388	4.24064	-30.3451	1000	3.05165	3.09329	1.04123	

0.0019	9.11224	0	0.5	1	-31.3338	0.901365	-0.177273	-29.9388	4.24064	-30.3451	1000	3.05165	3.09329	1.04123	

0.00195	9.11224	0	0.5	1	-31.3338	0.901365	-0.177273	-29.9388	4.24064	-30.3451	1000	3.05165	3.09329	1.04123	

0.002	9.11224	0	0.5	1	-31.3338	0.901365	-0.177273	-29.9388	4.24064	-30.3451	1000	3.05165	3.09329	1.04123	

0.00205	9.11224	0	0.5	1	-31.3338	0.901365	-0.177273	-29.9388	4.24064	-30.3451	1000	3.05165	3.09329	1.04123	

0.0021	9.11224	0	0.5	1	-31.3338	0.901365	-0.177273	-29.9388	4.24064	-30.3451	1000	3.05165	3.09329	1.04123	

0.00215	9.11224	0	0.5	1	-31.3338	0.901365	-0.177273	-29.9388	4.24064	-30.3451	1000	3.05165	3.09329	1.04123	

0.0022	9.11224	0	0.5	1	-31.3338	0.901365	-0.177273	-29.9388	4.24064	-30.3451	1000	3.05165	3.09329	1.04123	

0.00225	9.11224	0	0.5	1	-31.3338	0.901365	-0.177273	-29.9388	4.24064	-30.3451	1000	3.05165	3.09329	1.04123	

0.0023	9.11224	0	0.5	1	-31.3338	0.901365	-0.177273	-29.9388	4.24064	-30.3451	1000	3.05165	3.09329	1.04123	

0.00235	9.11224	0	0.5	1	-31.3338	0.901365	-0.177273	-29.9388	4.24064	-30.3451	1000	3.05165	3.09329	1.04123	

0.0024	9.11224	0	0.5	1	-31.3338	0.901365	-0.177273	-29.9388	4.24064	-30.3451	1000	3.05165	3.09329	1.04123	

0.00245	9.11224	0	0.5	1	-31.3338	0.901365	-0.177273	-29.9388	4.24064	-30.3451	1000	3.05165	3.09329	1.04123	

0.0025	9.11224	0	0.5	1	-31.3338	0.901365	-0.177273	-29.9388	4.24064	-30.3451	1000	3.05165	3.09329	1.04123	

0.00255	9.11224	0	0.5	1	-31.3338	0.901365	-0.177273	-29.9388	4.24064	-30.3451	1000	3.05165	3.09329	1.04123	

0.0026	9.11224	0	0.5	1	-31.3338	0.901365	-0.177273	-29.9388	4.24064	-30.3451	1000	3.05165	3.09329	1.04123	

0.00265	9.11224	0	0.5	1	-31.3338	0.901365	-0.177273	-29.9388	4.24064	-30.3451	1000	3.05165	3.09329	1.04123	

0.0027	9.11224	0	0.5	1	-31.3338	0.901365	-0.177273	-29.9388	4.24064	-30.3451	1000	3.05165	3.09329	1.04123	

0.00275	9.11224	0	0.5	1	-31.3338	0.901365	-0.177273	-29.9388	4.24064	-30.3451	1000	3.05165	3.09329	1.04123	

0.0028	9.11224	0	0.5	1	-31.3338	0.901365	-0.177273	-29.9388	4.24064	-30.3451	1000	3.05165	3.09329	1.04123	

0.00285	9.11224	0	0.5	1	-31.3338	0.901365	-0.177273	-29.9388	4.24064	-30.3451	1000	3.05165	3.09329	1.04123	

0.0029	9.11224	0	0.5	1	-31.3338	0.901365	-0.177273	-29.9388	4.24064	-30.3451	1000	3.05165	3.09329	1.04123	

0.00295	9.11224	0	0.5	1	-31.3338	0.901365	-0.177273	-29.9388	4.24064	-30.3451	1000	3.05165	3.09329	1.04123	

0.003	9.11224	0	0.5	1	-31.3338	0.901365	-0.177273	-29.9388	4.24064	-30.3451	1000	3.05165	3.09329	1.04123	

0.00305	9.11224	0	0.5	1	-31.3338	0.901365	-0.177273	-29.9388	4.24064	-30.3451	1000	3.05165	3.09329	1.04123	

0.0031	9.11224	0	0.5	1	-31.3338	0.901365	-0.177273	-29.9388	4.24064	-30.3451	1000	3.05165	3.09329	1.04123	

0.00315	9.11224	0	0.5	1	-31.3338	0.901365	-0.177273	-29.9388	4.24064	-30.3451	1000	3.05165	3.09329	1.04123	

0.0032	9.11224	0	0.5	1	-31.3338	0.901365	-0.177273	-29.9388	4.24064	-30.3451	1000	3.05165	3.09329	1.04123	

0.00325	9.11224	0	0.5	1	-31.3338	0.901365	-0.177273	-29.9388	4.24064	-30.3451	1000	3.05165	3.09329	1.04123	

0.0033	9.11224	0	0.5	1	-31.3338	0.901365	-0.177273	-29.9388	4.24064	-30.3451	1000	3.05165	3.09329	1.04123	

0.00335	9.11224	0	0.5	1	-31.3338	0.901365	-0.177273	-29.9388	4.24064	-30.3451	1000	3.05165	3.09329	1.04123	

0.0034	9.11224	0	0.5	1	-31.3338	0.901365	-0.177273	-29.9388	4.24064	-30.3451	1000	3.05165	3.09329	1.04123	

0.00345	9.11224	0	0.5	1	-31.3338	0.901365	-0.177273	-29.9388	4.24064	-30.3451	1000	3.05165	3.09329	1.04123	

0.0035	9.11224	0	0.5	1	-31.3338	0.901365	-0.177273	-29.9388	4.24064	-30.3451	1000	3.05165	3.09329	1.04123	

0.00355	9.11224	0	0.5	1	-31.3338	0.901365	-0.177273	-29.9388	4.24064	-30.3451	1000	3.05165	3.09329	1.04123	

0.0036	9.11224	0	0.5	1	-31.3338	0.901365	-0.177273	-29.9388	4.24064	-30.3451	1000	3.05165	3.09329	1.04123	

0.00365	9.11224	0	0.5	1	-31.3338	0.901365	-0.177273	-29.9388	4.24064	-30.3451	1000	3.05165	3.09329	1.04123	

0.0037	9.11224	0	0.5	1	-31.3338	0.901365	-0.177273	-29.9388	4.24064	-30.3451	1000	3.05165	3.09329	1.04123	

0.00375	9.11224	0	0.5	1	-31.3338	0.901365	-0.177273	-29.9388	4.24064	-30.3451	1000	3.05165	3.09329	1.04123	

0.0038	9.11224	0	0.5	1	-31.3338	0.901365	-0.177273	-29.9388	4.24064	-30.3451	1000	3.05165	3.09329	1.04123	

0.00385	9.11224	0	0.5	1	-31.3338	0.901365	-0.177273	-29.9388	4.24064	-30.3451	1000	3.05165	3.09329	1.04123	

0.0039	9.11224	0	0.5	1	-31.3338	0.901365	-0.177273	-29.9388	4.24064	-30.3451	1000	3.05165	3.09329	1.04123	

0.00395	9.11224	0	0.5	1	-31.3338	0.901365	-0.177273	-29.9388	4.24064	-30.3451	1000	3.05165	3.09329	1.04123	

0.004	9.11224	0	0.5	1	-31.3338	0.901365	-0.177273	-29.9388	4.24064	-30.3451	1000	3.05165	3.09329	1.04123	

0.00405	9.11224	0	0.5	1	-31.3338	0.901365	-0.177273	-29.9388	4.24064	-30.3451	1000	3.05165	3.09329	1.04123	

0.0041	9.11224	0	0.5	1	-31.3338	0.901365	-0.177273	-29.9388	4.24064	-30.3451	1000	3.05165	3.09329	1.04123	

0.00415	9.11224	0	0.5	1	-31.3338	0.901365	-0.177273	-29.9388	4.24064	-30.3451	1000	3.05165	3.09329	1.04123	

0.0042	9.11224	0	0.5	1	-31.3338	0.901365	-0.177273	-29.9388	4.24064	-30.3451	1000	3.05165	3.09329	1.04123	

0.00425	9.11224	0	0.5	1	-31.3338	0.901365	-0.177273	-29.9388	4.24064	-30.3451	1000	3.05165	3.09329	1.04123	

0.0043	9.11224	0	0.5	1	-31.3338	0.901365	-0.177273	-29.9388	4.24064	-30.3451	1000	3.05165	3.09329	1.04123	

0.00435	9.11224	0	0.5	1	-31.3338	0.901365	-0.177273	-29.9388	4.24064	-30.3451	1000	3.05165	3.09329	1.04123	

0.0044	9.11224	0	0.5	1	-31.3338	0.901365	-0.177273	-29.9388	4.24064	-30.3451	1000	3.05165	3.09329	1.04123	

0.00445	9.11224	0	0.5	1	-31.3338	0.901365	-0.177273	-29.9388	4.24064	-30.3451	1000	3.05165	3.09329	1.04123	

0.0045	9.11224	0	0.5	1	-31.3338	0.901365	-0.177273	-29.9388	4.24064	-30.3451	1000	3.05165	3.09329	1.04123	

0.00455	9.11224	0	0.5	1	-31.3338	0.901365	-0.177273	-29.9388	4.24064	-30.3451	1000	3.05165	3.09329	1.04123	

0.0046	9.11224	0	0.5	1	-31.3338	0.901365	-0.177273	-29.9388	4.24064	-30.3451	1000	3.05165	3.09329	1.04123	

0.00465	9.11224	0	0.5	1	-31.3338	0.901365	-0.177273	-29.9388	4.24064	-30.3451	1000	3.05165	3.09329	1.04123	

0.0047	9.11224	0	0.5	1	-31.3338	0.901365	-0.177273	-29.9388	4.24064	-30.3451	1000	3.05165	3.09329	1.04123	

0.00475	9.11224	0	0.5	1	-31.3338	0.901365	-0.177273	-29.9388	4.24064	-30.3451	1000	3.05165	3.09329	1.04123	

0.0048	9.11224	0	0.5	1	-31.3338	0.901365	-0.177273	-29.9388	4.24064	-30.3451	1000	3.05165	3.09329	1.04123	

0.00485	9.11224	0	0.5	1	-31.3338	0.901365	-0.177273	-29.9388	4.24064	-30.3451	1000	3.05165	3.09329	1.04123	

0.0049	9.11224	0	0.5	1	-31.3338	0.901365	-0.177273	-29.9388	4.24064	-30.3451	1000	3.05165	3.09329	1.04123	

0.00495	9.11224	0	0.5	1	-31.3338	0.901365	-0.177273	-29.9388	4.24064	-30.3451	1000	3.05165	3.09329	1.04123	

0.005	8.93	0	0	0	-0.461615	0	0	-0.855428	3.96438	-1.25187	0	3.01	3.01	1	

0.00505	8.93	0	0	0	-0.461615	0	0	-0.855428	3.96438	-1.25187	0	3.01	3.01	1	

0.0051	8.93	0	0	0	-0.461615	0	0	-0.855428	3.96438	-1.25187	0	3.01	3.01	1	

0.00515	8.93	0	0	0	-0.461615	0	0	-0.855428	3.96438	-1.25187	0	3.01	3.01	1	

0.0052	8.93	0	0	0	-0.461615	0	0	-0.855428	3.96438	-1.25187	0	3.01	3.01	1	

0.00525	8.93	0	0	0	-0.461615	0	0	-0.855428	3.96438	-1.25187	0	3.01	3.01	1	

0.0053	8.93	0	0	0	-0.461615	0	0	-0.855428	3.96438	-1.25187	0	3.01	3.01	1	

0.00535	8.93	0	0	0	-0.461615	0	0	-0.855428	3.96438	-1.25187	0	3.01	3.01	1	

0.0054	8.93	0	0	0	-0.461615	0	0	-0.855428	3.96438	-1.25187	0	3.01	3.01	1	

0.00545	8.93	0	0	0	-0.461615	0	0	-0.855428	3.96438	-1.25187	0	3.01	3.01	1	

0.0055	8.93	0	0	0	-0.461615	0	0	-0.855428	3.96438	-1.25187	0	3.01	3.01	1	

0.00555	8.93	0	0	0	-0.461615	0	0	-0.855428	3.96438	-1.25187	0	3.01	3.01	1	

0.0056	8.93	0	0	0	-0.461615	0	0	-0.855428	3.96438	-1.25187	0	3.01	3.01	1	

0.00565	8.93	0	0	0	-0.461615	0	0	-0.855428	3.96438	-1.25187	0	3.01	3.01	1	

0.0057	8.93	0	0	0	-0.461615	0	0	-0.855428	3.96438	-1.25187	0	3.01	3.01	1	

0.00575	8.93	0	0	0	-0.461615	0	0	-0.855428	3.96438	-1.25187	0	3.01	3.01	1	

0.0058	8.93	0	0	0	-0.461615	0	0	-0.855428	3.96438	-1.25187	0	3.01	3.01	1	

0.00585	8.93	0	0	0	-0.461615	0	0	-0.855428	3.96438	-1.25187	0	3.01	3.01	1	

0.0059	8.93	0	0	0	-0.461615	0	0	-0.855428	3.96438	-1.25187	0	3.01	3.01	1	

0.00595	8.93	0	0	0	-0.461615	0	0	-0.855428	3.96438	-1.25187	0	3.01	3.01	1	

0.006	8.93	0	0	0	-0.461615	0	0	-0.855428	3.96438	-1.25187	0	3.01	3.01	1	

0.00605	8.93	0	0	0	-0.461615	0	0	-0.855428	3.96438	-1.25187	0	3.01	3.01	1	

0.0061	8.93	0	0	0	-0.461615	0	0	-0.855428	3.96438	-1.25187	0	3.01	3.01	1	

0.00615	8.93	0	0	0	-0.461615	0	0	-0.855428	3.96438	-1.25187	0	3.01	3.01	1	

0.0062	8.93	0	0	0	-0.461615	0	0	-0.855428	3.96438	-1.25187	0	3.01	3.01	1	

0.00625	8.93	0	0	0	-0.461615	0	0	-0.855428	3.96438	-1.25187	0	3.01	3.01	1	

0.0063	8.93	0	0	0	-0.461615	0	0	-0.855428	3.96438	-1.25187	0	3.01	3.01	1	

0.00635	8.93	0	0	0	-0.461615	0	0	-0.855428	3.96438	-1.25187	0	3.01	3.01	1	

0.0064	8.93	0	0	0	-0.461615	0	0	-0.855428	3.96438	-1.25187	0	3.01	3.01	1	

0.00645	8.93	0	0	0	-0.461615	0	0	-0.855428	3.96438	-1.25187	0	3.01	3.01	1	

0.0065	8.93	0	0	0	-0.461615	0	0	-0.855428	3.96438	-1.25187	0	3.01	3.01	1	

0.00655	8.93	0	0	0	-0.461615	0	0	-0.855428	3.96438	-1.25187	0	3.01	3.01	1	

0.0066	8.93	0	0	0	-0.461615	0	0	-0.855428	3.96438	-1.25187	0	3.01	3.01	1	

0.00665	8.93	0	0	0	-0.461615	0	0	-0.855428	3.96438	-1.25187	0	3.01	3.01	1	

0.0067	8.93	0	0	0	-0.461615	0	0	-0.855428	3.96438	-1.25187	0	3.01	3.01	1	

0.00675	8.93	0	0	0	-0.461615	0	0	-0.855428	3.96438	-1.25187	0	3.01	3.01	1	

0.0068	8.93	0	0	0	-0.461615	0	0	-0.855428	3.96438	-1.25187	0	3.01	3.01	1	

0.00685	8.93	0	0	0	-0.461615	0	0	-0.855428	3.96438	-1.25187	0	3.01	3.01	1	

0.0069	8.93	0	0	0	-0.461615	0	0	-0.855428	3.96438	-1.25187	0	3.01	3.01	1	

0.00695	8.93	0	0	0	-0.461615	0	0	-0.855428	3.96438	-1.25187	0	3.01	3.01	1	

0.007	8.93	0	0	0	-0.461615	0	0	-0.855428	3.96438	-1.25187	0	3.01	3.01	1	

0.00705	8.93	0	0	0	-0.461615	0	0	-0.855428	3.96438	-1.25187	0	3.01	3.01	1	

0.0071	8.93	0	0	0	-0.461615	0	0	-0.855428	3.96438	-1.25187	0	3.01	3.01	1	

0.00715	8.93	0	0	0	-0.461615	0	0	-0.855428	3.96438	-1.25187	0	3.01	3.01	1	

0.0072	8.93	0	0	0	-0.461615	0	0	-0.855428	3.96438	-1.25187	0	3.01	3.01	1	

0.00725	8.93	0	0	0	-0.461615	0	0	-0.855428	3.96438	-1.25187	0	3.01	3.01	1	

0.0073	8.93	0	0	0	-0.461615	0	0	-0.855428	3.96438	-1.25187	0	3.01	3.01	1	

0.00735	8.93	0	0	0	-0.461615	0	0	-0.855428	3.96438	-1.25187	0	3.01	3.01	1	

0.0074	8.93	0	0	0	-0.461615	0	0	-0.855428	3.96438	-1.25187	0	3.01	3.01	1	

0.00745	8.93	0	0	0	-0.461615	0	0	-0.855428	3.96438	-1.25187	0	3.01	3.01	1	

0.0075	8.93	0	0	0	-0.461615	0	0	-0.855428	3.96438	-1.25187	0	3.01	3.01	1	

0.00755	8.93	0	0	0	-0.461615	0	0	-0.855428	3.96438	-1.25187	0	3.01	3.01	1	

0.0076	8.93	0	0	0	-0.461615	0	0	-0.855428	3.96438	-1.25187	0	3.01	3.01	1	

0.00765	8.93	0	0	0	-0.461615	0	0	-0.855428	3.96438	-1.25187	0	3.01	3.01	1	

0.0077	8.93	0	0	0	-0.461615	0	0	-0.855428	3.96438	-1.25187	0	3.01	3.01	1	

0.00775	8.93	0	0	0	-0.461615	0	0	-0.855428	3.96438	-1.25187	0	3.01	3.01	1	

0.0078	8.93	0	0	0	-0.461615	0	0	-0.855428	3.96438	-1.25187	0	3.01	3.01	1	

0.00785	8.93	0	0	0	-0.461615	0	0	-0.855428	3.96438	-1.25187	0	3.01	3.01	1	

0.0079	8.93	0	0	0	-0.461615	0	0	-0.855428	3.96438	-1.25187	0	3.01	3.01	1	

0.00795	8.93	0	0	0	-0.461615	0	0	-0.855428	3.96438	-1.25187	0	3.01	3.01	1	

0.008	8.93	0	0	0	-0.461615	0	0	-0.855428	3.96438	-1.25187	0	3.01	3.01	1	

0.00805	8.93	0	0	0	-0.461615	0	0	-0.855428	3.96438	-1.25187	0	3.01	3.01	1	

0.0081	8.93	0	0	0	-0.461615	0	0	-0.855428	3.96438	-1.25187	0	3.01	3.01	1	

0.00815	8.93	0	0	0	-0.461615	0	0	-0.855428	3.96438	-1.25187	0	3.01	3.01	1	

0.0082	8.93	0	0	0	-0.461615	0	0	-0.855428	3.96438	-1.25187	0	3.01	3.01	1	

0.00825	8.93	0	0	0	-0.461615	0	0	-0.855428	3.96438	-1.25187	0	3.01	3.01	1	

0.0083	8.93	0	0	0	-0.461615	0	0	-0.855428	3.96438	-1.25187	0	3.01	3.01	1	

0.00835	8.93	0	0	0	-0.461615	0	0	-0.855428	3.96438	-1.25187	0	3.01	3.01	1	

0.0084	8.93	0	0	0	-0.461615	0	0	-0.855428	3.96438	-1.25187	0	3.01	3.01	1	

0.00845	8.93	0	0	0	-0.461615	0	0	-0.855428	3.96438	-1.25187	0	3.01	3.01	1	

0.0085	8.93	0	0	0	-0.461615	0	0	-0.855428	3.96438	-1.25187	0	3.01	3.01	1	

0.00855	8.93	0	0	0	-0.461615	0	0	-0.855428	3.96438	-1.25187	0	3.01	3.01	1	

0.0086	8.93	0	0	0	-0.461615	0	0	-0.855428	3.96438	-1.25187	0	3.01	3.01	1	

0.00865	8.93	0	0	0	-0.461615	0	0	-0.855428	3.96438	-1.25187	0	3.01	3.01	1	

0.0087	8.93	0	0	0	-0.461615	0	0	-0.855428	3.96438	-1.25187	0	3.01	3.01	1	

0.00875	8.93	0	0	0	-0.461615	0	0	-0.855428	3.96438	-1.25187	0	3.01	3.01	1	

0.0088	8.93	0	0	0	-0.461615	0	0	-0.855428	3.96438	-1.25187	0	3.01	3.01	1	

0.00885	8.93	0	0	0	-0.461615	0	0	-0.855428	3.96438	-1.25187	0	3.01	3.01	1	

0.0089	8.93	0	0	0	-0.461615	0	0	-0.855428	3.96438	-1.25187	0	3.01	3.01	1	

0.00895	8.93	0	0	0	-0.461615	0	0	-0.855428	3.96438	-1.25187	0	3.01	3.01	1	

0.009	8.93	0	0	0	-0.461615	0	0	-0.855428	3.96438	-1.25187	0	3.01	3.01	1	

0.00905	8.93	0	0	0	-0.461615	0	0	-0.855428	3.96438	-1.25187	0	3.01	3.01	1	

0.0091	8.93	0	0	0	-0.461615	0	0	-0.855428	3.96438	-1.25187	0	3.01	3.01	1	

0.00915	8.93	0	0	0	-0.461615	0	0	-0.855428	3.96438	-1.25187	0	3.01	3.01	1	

0.0092	8.93	0	0	0	-0.461615	0	0	-0.855428	3.96438	-1.25187	0	3.01	3.01	1	

0.00925	8.93	0	0	0	-0.461615	0	0	-0.855428	3.96438	-1.25187	0	3.01	3.01	1	

0.0093	8.93	0	0	0	-0.461615	0	0	-0.855428	3.96438	-1.25187	0	3.01	3.01	1	

0.00935	8.93	0	0	0	-0.461615	0	0	-0.855428	3.96438	-1.25187	0	3.01	3.01	1	

0.0094	8.93	0	0	0	-0.461615	0	0	-0.855428	3.96438	-1.25187	0	3.01	3.01	1	

0.00945	8.93	0	0	0	-0.461615	0	0	-0.855428	3.96438	-1.25187	0	3.01	3.01	1	

0.0095	8.93	0	0	0	-0.461615	0	0	-0.855428	3.96438	-1.25187	0	3.01	3.01	1	

0.00955	8.93	0	0	0	-0.461615	0	0	-0.855428	3.96438	-1.25187	0	3.01	3.01	1	

0.0096	8.93	0	0	0	-0.461615	0	0	-0.855428	3.96438	-1.25187	0	3.01	3.01	1	

0.00965	8.93	0	0	0	-0.461615	0	0	-0.855428	3.96438	-1.25187	0	3.01	3.01	1	

0.0097	8.93	0	0	0	-0.461615	0	0	-0.855428	3.96438	-1.25187	0	3.01	3.01	1	

0.00975	8.93	0	0	0	-0.461615	0	0	-0.855428	3.96438	-1.25187	0	3.01	3.01	1	

0.0098	8.93	0	0	0	-0.461615	0	0	-0.855428	3.96438	-1.25187	0	3.01	3.01	1	

0.00985	8.93	0	0	0	-0.461615	0	0	-0.855428	3.96438	-1.25187	0	3.01	3.01	1	

0.0099	8.93	0	0	0	-0.461615	0	0	-0.855428	3.96438	-1.25187	0	3.01	3.01	1	

0.00995	8.93	0	0	0	-0.461615	0	0	-0.855428	3.96438	-1.25187	0	3.01	3.01	1	

