 	density	u_1	u_2	u_3	sigma_11	sigma_12	sigma_13	sigma_22	sigma_23	sigma_33	I1	I2	I3	dI_1	dI_2	dI_3
0	10.4444	2	-1.38179e-11	0.1	-24.9244	-0.75146	-1.49093	-32.8305	2.21533	-44.3547	-1.50015e-06	3.34353	3.71154	1.36794	

5e-05	10.4444	2	-2.37339e-11	0.1	-24.9244	-0.75146	-1.49093	-32.8305	2.21533	-44.3547	-2.46076e-06	3.34353	3.71154	1.36794	

0.0001	10.4444	2	-4.86804e-11	0.1	-24.9244	-0.75146	-1.49093	-32.8305	2.21533	-44.3547	-4.48454e-06	3.34353	3.71154	1.36794	

0.00015	10.4444	2	-1.00656e-10	0.1	-24.9244	-0.75146	-1.49093	-32.8305	2.21533	-44.3547	-8.55157e-06	3.34353	3.71154	1.36794	

0.0002	10.4444	2	-2.04981e-10	0.1	-24.9244	-0.75146	-1.49093	-32.8305	2.21533	-44.3547	-1.68546e-05	3.34353	3.71154	1.36794	

0.00025	10.4444	2	-4.13533e-10	0.1	-24.9244	-0.75146	-1.49093	-32.8305	2.21533	-44.3547	-3.36895e-05	3.34353	3.71154	1.36794	

0.0003	10.4444	2	-8.30653e-10	0.1	-24.9244	-0.75146	-1.49093	-32.8305	2.21533	-44.3547	-6.75103e-05	3.34353	3.71154	1.36794	

0.00035	10.4444	2	-1.66448e-09	0.1	-24.9244	-0.75146	-1.49093	-32.8305	2.21533	-44.3547	-0.000135071	3.34353	3.71154	1.36794	

0.0004	10.4444	2	-3.32879e-09	0.1	-24.9244	-0.75146	-1.49093	-32.8305	2.21533	-44.3547	-0.000269639	3.34353	3.71154	1.36794	

0.00045	10.4444	2	-6.64476e-09	0.1	-24.9244	-0.75146	-1.49093	-32.8305	2.21533	-44.3547	-0.000537206	3.34353	3.71154	1.36794	

0.0005	10.4444	2	-1.32402e-08	0.1	-24.9244	-0.75146	-1.49093	-32.8305	2.21533	-44.3547	-0.00106839	3.34353	3.71154	1.36794	

0.00055	10.4444	2	-2.63379e-08	0.0999999	-24.9244	-0.751461	-1.49093	-32.8305	2.21533	-44.3547	-0.00212139	3.34353	3.71154	1.36794	

0.0006	10.4445	2	-5.23105e-08	0.0999998	-24.9245	-0.751463	-1.49094	-32.8306	2.21533	-44.3548	-0.00420615	3.34353	3.71154	1.36794	

0.00065	10.4445	1.99999	-1.03747e-07	0.0999997	-24.9247	-0.751467	-1.49094	-32.8307	2.21534	-44.3549	-0.00832888	3.34353	3.71154	1.36795	

0.0007	10.4445	1.99999	-2.05495e-07	0.0999994	-24.925	-0.751474	-1.49096	-32.8308	2.21535	-44.3551	-0.0164737	3.34353	3.71155	1.36795	

0.00075	10.4445	1.99998	-4.06564e-07	0.0999988	-24.9255	-0.751489	-1.491	-32.8312	2.21536	-44.3556	-0.0325507	3.34354	3.71156	1.36796	

0.0008	10.4445	1.99996	-8.0356e-07	0.0999977	-24.9267	-0.751517	-1.49107	-32.8318	2.2154	-44.3564	-0.064262	3.34355	3.71158	1.36797	

0.00085	10.4446	1.99992	-1.58681e-06	0.0999954	-24.929	-0.751573	-1.4912	-32.8332	2.21547	-44.3581	-0.126772	3.34357	3.71162	1.36799	

0.0009	10.4448	1.99985	-3.13112e-06	0.099991	-24.9335	-0.751683	-1.49147	-32.8358	2.2156	-44.3615	-0.249927	3.3436	3.7117	1.36804	

0.00095	10.4452	1.9997	-6.17424e-06	0.0999823	-24.9423	-0.7519	-1.492	-32.841	2.21586	-44.3681	-0.492437	3.34367	3.71187	1.36814	

0.001	10.4459	1.9994	-1.21674e-05	0.0999652	-24.9598	-0.752328	-1.49303	-32.8512	2.21638	-44.381	-0.969712	3.34381	3.71219	1.36833	

0.00105	10.4473	1.99882	-2.39631e-05	0.0999315	-24.9942	-0.75317	-1.49507	-32.8713	2.21741	-44.4066	-1.9083	3.34408	3.71283	1.3687	

0.0011	10.4501	1.99767	-4.71581e-05	0.0998656	-25.0619	-0.754825	-1.49906	-32.9109	2.21942	-44.4569	-3.75169	3.34462	3.71408	1.36943	

0.00115	10.4556	1.99543	-9.27007e-05	0.0997368	-25.1952	-0.758078	-1.50687	-32.9887	2.22337	-44.5557	-7.36286	3.34567	3.71654	1.37086	

0.0012	10.4662	1.99101	-0.000181876	0.0994864	-25.4575	-0.764454	-1.5221	-33.1417	2.23108	-44.7496	-14.3982	3.34771	3.72133	1.37366	

0.00125	10.4869	1.98238	-0.000355557	0.0990045	-25.9738	-0.776904	-1.55159	-33.4418	2.24606	-45.1293	-27.9329	3.35168	3.73062	1.37908	

0.0013	10.5261	1.96562	-0.000690367	0.0980914	-26.989	-0.801018	-1.60813	-34.0285	2.27472	-45.8683	-53.3081	3.35925	3.74835	1.38942	

0.00135	10.5985	1.93353	-0.00132315	0.096408	-28.9786	-0.847033	-1.71467	-35.1666	2.32816	-47.2905	-98.1541	3.3733	3.78124	1.4086	

0.0014	10.7249	1.87401	-0.00247322	0.0934532	-32.8313	-0.93229	-1.90921	-37.3341	2.42308	-49.963	-165.822	3.39803	3.83914	1.44239	

0.00145	10.9249	1.77079	-0.00441597	0.0886868	-39.9992	-1.08143	-2.24424	-41.2598	2.57768	-54.7131	-228.063	3.43779	3.93223	1.49669	

0.0015	11.1965	1.61292	-0.00731557	0.081977	-52.068	-1.31523	-2.76056	-47.6264	2.79589	-62.2471	-198.832	3.49296	4.06139	1.57204	

0.00155	11.4889	1.41287	-0.0109688	0.0742539	-68.7019	-1.61304	-3.40658	-56.1323	3.04092	-72.07	-47.2066	3.55385	4.20397	1.65521	

0.0016	11.7113	1.2346	-0.0142229	0.0678117	-84.103	-1.87489	-3.97038	-63.7113	3.234	-80.6918	75.8613	3.60122	4.31487	1.71991	

0.00165	11.8456	1.12157	-0.0162371	0.0638694	-94.435	-2.05011	-4.3465	-68.5327	3.35325	-86.1597	131.592	3.63027	4.38289	1.75958	

0.0017	11.9164	1.0605	-0.0173445	0.0617151	-100.19	-2.14784	-4.55637	-71.1244	3.41685	-89.0971	155.662	3.64571	4.41904	1.78067	

0.00175	11.9518	1.02986	-0.0179011	0.0606323	-103.151	-2.19824	-4.66458	-72.4285	3.44893	-90.5758	166.133	3.65349	4.43724	1.79129	

0.0018	11.9691	1.01505	-0.0181703	0.0601088	-104.615	-2.22309	-4.71812	-73.0671	3.46461	-91.2997	170.984	3.65728	4.44614	1.79648	

0.00185	11.9773	1.00794	-0.0182973	0.0598573	-105.312	-2.23468	-4.74364	-73.3704	3.47204	-91.6435	173.244	3.65908	4.45035	1.79894	

0.0019	11.9812	1.00456	-0.018349	0.0597374	-105.642	-2.23973	-4.75574	-73.5127	3.47556	-91.8049	174.255	3.65993	4.45233	1.8001	

0.00195	11.983	1.00297	-0.0183597	0.0596807	-105.801	-2.24167	-4.76167	-73.5812	3.47727	-91.8827	174.732	3.66034	4.45329	1.80066	

0.002	11.9839	1.00221	-0.0183536	0.059652	-105.877	-2.24202	-4.76468	-73.6143	3.47811	-91.9203	174.963	3.66054	4.45376	1.80093	

0.00205	11.9844	1.00184	-0.0183377	0.0596339	-105.914	-2.24132	-4.7664	-73.6301	3.47853	-91.9382	175.067	3.66063	4.45398	1.80106	

0.0021	11.9846	1.00166	-0.018308	0.0596184	-105.933	-2.23978	-4.76765	-73.638	3.47877	-91.9472	175.111	3.66068	4.45409	1.80112	

0.00215	11.9847	1.00156	-0.0182631	0.0596018	-105.943	-2.23737	-4.76884	-73.6422	3.47894	-91.9522	175.129	3.66071	4.45416	1.80116	

0.0022	11.9848	1.00151	-0.0181999	0.0595819	-105.949	-2.23396	-4.77018	-73.6445	3.47908	-91.955	175.132	3.66073	4.4542	1.80118	

0.00225	11.9848	1.00147	-0.0181136	0.0595563	-105.953	-2.22932	-4.77184	-73.6458	3.47922	-91.9568	175.125	3.66074	4.45422	1.8012	

0.0023	11.9849	1.00144	-0.0179988	0.0595229	-105.956	-2.22319	-4.77396	-73.6466	3.47938	-91.958	175.111	3.66075	4.45424	1.80121	

0.00235	11.9849	1.00142	-0.0178485	0.0594794	-105.958	-2.21519	-4.77667	-73.647	3.47957	-91.9588	175.092	3.66075	4.45426	1.80122	

0.0024	11.9849	1.0014	-0.0176545	0.0594238	-105.959	-2.20493	-4.78008	-73.6471	3.47981	-91.9595	175.066	3.66076	4.45428	1.80123	

0.00245	11.985	1.00138	-0.0174075	0.0593536	-105.961	-2.19196	-4.78434	-73.6469	3.4801	-91.96	175.032	3.66077	4.45429	1.80124	

0.0025	11.985	1.00136	-0.0170971	0.0592666	-105.962	-2.17578	-4.78958	-73.6466	3.48046	-91.9604	174.991	3.66077	4.45431	1.80125	

0.00255	11.9851	1.00134	-0.016712	0.0591607	-105.964	-2.15584	-4.79591	-73.646	3.48091	-91.9609	174.939	3.66078	4.45433	1.80126	

0.0026	11.9851	1.00132	-0.0162402	0.0590338	-105.965	-2.13159	-4.80345	-73.6453	3.48145	-91.9613	174.878	3.66079	4.45435	1.80128	

0.00265	11.9852	1.0013	-0.0156696	0.0588841	-105.967	-2.10246	-4.8123	-73.6444	3.4821	-91.9617	174.804	3.6608	4.45437	1.80129	

0.0027	11.9852	1.00127	-0.0149878	0.0587102	-105.968	-2.06791	-4.82252	-73.6433	3.48287	-91.9621	174.717	3.66081	4.4544	1.80131	

0.00275	11.9853	1.00125	-0.0141834	0.0585114	-105.97	-2.02743	-4.83414	-73.6419	3.48379	-91.9624	174.616	3.66082	4.45443	1.80133	

0.0028	11.9854	1.00123	-0.0132459	0.0582876	-105.972	-1.9806	-4.84714	-73.6402	3.48485	-91.9627	174.5	3.66083	4.45446	1.80136	

0.00285	11.9855	1.0012	-0.0121667	0.0580396	-105.974	-1.9271	-4.86146	-73.6383	3.48608	-91.963	174.37	3.66084	4.4545	1.80138	

0.0029	11.9855	1.00117	-0.0109398	0.0577691	-105.976	-1.86673	-4.87701	-73.6361	3.48747	-91.9632	174.225	3.66086	4.45454	1.80141	

0.00295	11.9856	1.00113	-0.00956233	0.0574786	-105.978	-1.79947	-4.89362	-73.6337	3.48903	-91.9633	174.065	3.66087	4.45458	1.80144	

0.003	11.9857	1.0011	-0.00803512	0.0571718	-105.98	-1.72549	-4.91108	-73.631	3.49077	-91.9633	173.892	3.66089	4.45462	1.80147	

0.00305	11.9859	1.00106	-0.00636331	0.0568528	-105.982	-1.64515	-4.92916	-73.6281	3.49266	-91.9633	173.708	3.66091	4.45467	1.8015	

0.0031	11.986	1.00101	-0.00455663	0.0565254	-105.984	-1.55906	-4.94752	-73.6252	3.49471	-91.9632	173.516	3.66092	4.45472	1.80154	

0.00315	11.9861	1.00097	-0.00262948	0.0561965	-105.986	-1.46802	-4.96574	-73.6222	3.49689	-91.9631	173.317	3.66094	4.45477	1.80157	

0.0032	11.9862	1.00093	-0.000600726	0.0558763	-105.988	-1.37302	-4.98336	-73.6192	3.49919	-91.9629	173.117	3.66096	4.45482	1.80161	

0.00325	11.9863	1.00088	0.00150692	0.0555731	-105.99	-1.27524	-5.00005	-73.6163	3.50156	-91.9628	172.92	3.66098	4.45487	1.80164	

0.0033	11.9864	1.00084	0.00367006	0.0552926	-105.992	-1.17607	-5.01556	-73.6136	3.50397	-91.9627	172.731	3.661	4.45492	1.80168	

0.00335	11.9865	1.0008	0.00586612	0.0550393	-105.995	-1.07728	-5.02967	-73.6113	3.50638	-91.9627	172.556	3.66102	4.45496	1.80171	

0.0034	11.9866	1.00075	0.00804481	0.0548157	-105.997	-0.981077	-5.04224	-73.6093	3.50871	-91.9629	172.404	3.66103	4.45501	1.80174	

0.00345	11.9867	1.00071	0.0101516	0.0546228	-105.999	-0.888901	-5.05322	-73.6077	3.51091	-91.9632	172.281	3.66104	4.45504	1.80176	

0.0035	11.9868	1.00068	0.0121595	0.0544601	-106.001	-0.801904	-5.06261	-73.6066	3.51294	-91.9637	172.192	3.66106	4.45507	1.80179	

0.00355	11.9869	1.00064	0.014045	0.0543264	-106.003	-0.72099	-5.07049	-73.6061	3.51476	-91.9644	172.143	3.66106	4.4551	1.8018	

0.0036	11.9869	1.00061	0.0157896	0.0542196	-106.004	-0.646801	-5.07696	-73.6061	3.51633	-91.9655	172.139	3.66107	4.45511	1.80182	

0.00365	11.9869	1.00058	0.0173809	0.0541367	-106.006	-0.579733	-5.08215	-73.6068	3.51761	-91.967	172.187	3.66107	4.45512	1.80182	

0.0037	11.9869	1.00055	0.0188119	0.0540749	-106.007	-0.519945	-5.08622	-73.6082	3.51857	-91.9689	172.293	3.66107	4.45512	1.80182	

0.00375	11.9869	1.00052	0.0200807	0.0540308	-106.008	-0.467381	-5.08933	-73.6104	3.51916	-91.9714	172.462	3.66106	4.4551	1.80182	

0.0038	11.9869	1.0005	0.0211902	0.0540012	-106.009	-0.421796	-5.09164	-73.6134	3.51934	-91.9746	172.702	3.66105	4.45508	1.80181	

0.00385	11.9868	1.00048	0.0221472	0.053983	-106.01	-0.382796	-5.0933	-73.6174	3.51906	-91.9785	173.02	3.66104	4.45505	1.80179	

0.0039	11.9867	1.00047	0.0229616	0.0539737	-106.011	-0.349875	-5.09444	-73.6225	3.51824	-91.9833	173.424	3.66102	4.455	1.80176	

0.00395	11.9866	1.00045	0.0236453	0.053971	-106.012	-0.32245	-5.09521	-73.6287	3.51682	-91.989	173.923	3.66099	4.45494	1.80173	

0.004	11.9865	1.00044	0.0242117	0.0539718	-106.013	-0.299905	-5.09572	-73.6361	3.5147	-91.9958	174.528	3.66096	4.45487	1.80169	

0.00405	11.9863	1.00043	0.0246747	0.0539743	-106.013	-0.281612	-5.09602	-73.645	3.51175	-92.0037	175.251	3.66092	4.45478	1.80164	

0.0041	11.9861	1.00043	0.0250483	0.0539782	-106.014	-0.266962	-5.09619	-73.6554	3.50785	-92.013	176.103	3.66087	4.45467	1.80158	

0.00415	11.9859	1.00042	0.0253459	0.053983	-106.015	-0.255381	-5.09627	-73.6676	3.50281	-92.0238	177.1	3.66082	4.45455	1.8015	

0.0042	11.9856	1.00041	0.0255798	0.0539877	-106.015	-0.246344	-5.0963	-73.6816	3.49645	-92.0362	178.256	3.66076	4.4544	1.80142	

0.00425	11.9852	1.00041	0.0257613	0.0539915	-106.016	-0.239383	-5.09632	-73.6977	3.48854	-92.0504	179.588	3.66068	4.45423	1.80132	

0.0043	11.9849	1.0004	0.0259003	0.0539943	-106.016	-0.234092	-5.09633	-73.7162	3.47882	-92.0666	181.112	3.66059	4.45403	1.80121	

0.00435	11.9844	1.0004	0.0260054	0.0539965	-106.016	-0.230123	-5.09633	-73.7372	3.46701	-92.0849	182.844	3.6605	4.4538	1.80108	

0.0044	11.9839	1.00039	0.0260838	0.0539983	-106.017	-0.227186	-5.09635	-73.7609	3.45278	-92.1056	184.8	3.66038	4.45354	1.80093	

0.00445	11.9834	1.00039	0.0261415	0.0539995	-106.017	-0.225042	-5.09639	-73.7876	3.4358	-92.1288	186.994	3.66026	4.45324	1.80076	

0.0045	11.9828	1.00039	0.0261834	0.0539999	-106.018	-0.223499	-5.09645	-73.8173	3.4157	-92.1546	189.436	3.66011	4.45291	1.80057	

0.00455	11.9821	1.00038	0.0262134	0.0539996	-106.018	-0.222407	-5.09652	-73.8503	3.39208	-92.1832	192.135	3.65995	4.45255	1.80036	

0.0046	11.9813	1.00038	0.0262346	0.0539989	-106.019	-0.221647	-5.0966	-73.8866	3.36456	-92.2146	195.095	3.65978	4.45214	1.80013	

0.00465	11.9804	1.00038	0.0262492	0.0539979	-106.019	-0.22113	-5.09667	-73.9263	3.33273	-92.2488	198.314	3.65958	4.4517	1.79988	

0.0047	11.9795	1.00037	0.0262591	0.0539968	-106.02	-0.220787	-5.09674	-73.9693	3.29619	-92.2858	201.784	3.65937	4.45121	1.7996	

0.00475	11.9785	1.00037	0.0262654	0.0539956	-106.02	-0.220562	-5.09681	-74.0155	3.25457	-92.3253	205.49	3.65914	4.45069	1.79931	

0.0048	11.9775	1.00037	0.0262694	0.0539945	-106.021	-0.220412	-5.09687	-74.0645	3.20751	-92.3673	209.41	3.6589	4.45013	1.79899	

0.00485	11.9764	1.00037	0.026272	0.0539934	-106.021	-0.220307	-5.09691	-74.1163	3.1547	-92.4114	213.514	3.65864	4.44954	1.79866	

0.0049	11.9752	1.00036	0.0262739	0.0539925	-106.021	-0.220243	-5.09695	-74.1702	3.09588	-92.4572	217.767	3.65837	4.44892	1.79831	

0.00495	11.974	1.00036	0.0262751	0.0539916	-106.022	-0.220218	-5.09697	-74.2257	3.03085	-92.5043	222.123	3.65809	4.44828	1.79794	

0.005	11.9728	1.00036	0.0262754	0.0539908	-106.022	-0.220223	-5.09698	-74.2823	2.95951	-92.552	226.532	3.6578	4.44762	1.79757	

0.00505	11.9715	1.00036	0.026275	0.0539901	-106.022	-0.220247	-5.09697	-74.3391	2.88181	-92.5998	230.938	3.65751	4.44695	1.7972	

0.0051	11.9703	1.00035	0.0262742	0.0539894	-106.022	-0.220281	-5.09696	-74.3953	2.79781	-92.6468	235.278	3.65721	4.44629	1.79682	

0.00515	11.9691	1.00035	0.026273	0.0539888	-106.022	-0.220317	-5.09693	-74.4501	2.7077	-92.6923	239.49	3.65693	4.44563	1.79646	

0.0052	11.9679	1.00035	0.0262717	0.0539881	-106.021	-0.220348	-5.0969	-74.5024	2.61173	-92.7356	243.509	3.65665	4.445	1.79611	

0.00525	11.9668	1.00035	0.0262705	0.0539875	-106.021	-0.220374	-5.09686	-74.5514	2.51028	-92.7758	247.27	3.65638	4.4444	1.79577	

0.0053	11.9658	1.00035	0.0262692	0.0539868	-106.02	-0.220394	-5.0968	-74.5961	2.40384	-92.812	250.711	3.65614	4.44385	1.79547	

0.00535	11.9649	1.00035	0.0262679	0.053986	-106.02	-0.22041	-5.09674	-74.6356	2.29298	-92.8436	253.774	3.65591	4.44335	1.7952	

0.0054	11.9641	1.00035	0.0262667	0.0539852	-106.019	-0.220421	-5.09668	-74.669	2.17837	-92.8697	256.405	3.65572	4.44292	1.79496	

0.00545	11.9634	1.00035	0.0262655	0.0539843	-106.019	-0.220427	-5.0966	-74.6956	2.06076	-92.8898	258.558	3.65556	4.44256	1.79477	

0.0055	11.9629	1.00035	0.0262643	0.0539833	-106.018	-0.220428	-5.09651	-74.7147	1.94095	-92.9033	260.194	3.65543	4.44228	1.79462	

0.00555	11.9626	1.00035	0.0262632	0.0539823	-106.017	-0.220425	-5.09642	-74.7259	1.8198	-92.9099	261.282	3.65534	4.44209	1.79453	

0.0056	11.9625	1.00035	0.0262623	0.0539815	-106.017	-0.22042	-5.09633	-74.7289	1.6982	-92.9093	261.805	3.65529	4.442	1.79449	

0.00565	11.9625	1.00035	0.0262614	0.0539808	-106.016	-0.220413	-5.09625	-74.7237	1.57704	-92.9017	261.759	3.65528	4.442	1.7945	

0.0057	11.9628	1.00035	0.0262606	0.0539799	-106.015	-0.220407	-5.09616	-74.7101	1.45719	-92.8866	261.142	3.65531	4.44209	1.79457	

0.00575	11.9632	1.00035	0.0262596	0.0539785	-106.014	-0.220401	-5.09606	-74.6883	1.33952	-92.8644	259.957	3.65539	4.44227	1.79469	

0.0058	11.9637	1.00035	0.0262586	0.0539771	-106.014	-0.220392	-5.09596	-74.6586	1.22483	-92.8355	258.223	3.6555	4.44254	1.79486	

0.00585	11.9644	1.00035	0.0262575	0.0539757	-106.013	-0.220375	-5.09585	-74.6218	1.11388	-92.8003	255.972	3.65564	4.4429	1.79507	

0.0059	11.9653	1.00035	0.0262565	0.0539743	-106.012	-0.220351	-5.09574	-74.5784	1.00731	-92.7596	253.244	3.65582	4.44333	1.79533	

0.00595	11.9663	1.00035	0.0262556	0.0539728	-106.012	-0.220322	-5.09563	-74.5294	0.905718	-92.714	250.087	3.65603	4.44383	1.79563	

0.006	11.9674	1.00035	0.0262546	0.0539714	-106.011	-0.220287	-5.09552	-74.4756	0.809573	-92.6643	246.554	3.65626	4.44438	1.79596	

0.00605	11.9686	1.00035	0.0262532	0.0539698	-106.011	-0.220244	-5.09542	-74.418	0.719253	-92.6114	242.707	3.65651	4.44498	1.79631	

0.0061	11.9698	1.00035	0.0262514	0.0539682	-106.01	-0.220182	-5.09531	-74.3575	0.635027	-92.5562	238.61	3.65678	4.44561	1.79669	

0.00615	11.9711	1.00035	0.0262491	0.0539665	-106.01	-0.220097	-5.0952	-74.2954	0.557062	-92.4995	234.33	3.65706	4.44626	1.79707	

0.0062	11.9724	1.00035	0.0262462	0.0539648	-106.01	-0.219984	-5.0951	-74.2324	0.48542	-92.4423	229.933	3.65734	4.44693	1.79746	

0.00625	11.9737	1.00034	0.0262427	0.0539628	-106.01	-0.219843	-5.09499	-74.1695	0.42007	-92.3853	225.487	3.65762	4.44759	1.79785	

0.0063	11.975	1.00034	0.0262377	0.0539606	-106.01	-0.219664	-5.09488	-74.1077	0.360894	-92.3293	221.055	3.6579	4.44825	1.79824	

0.00635	11.9762	1.00034	0.0262301	0.0539579	-106.01	-0.219417	-5.09475	-74.0477	0.307698	-92.2751	216.696	3.65817	4.44889	1.79861	

0.0064	11.9774	1.00034	0.0262189	0.0539546	-106.01	-0.219055	-5.09461	-73.9901	0.260224	-92.223	212.462	3.65843	4.4495	1.79897	

0.00645	11.9786	1.00033	0.0262031	0.0539505	-106.01	-0.218529	-5.09443	-73.9355	0.218157	-92.1737	208.398	3.65868	4.45008	1.79932	

0.0065	11.9796	1.00033	0.0261808	0.053946	-106.011	-0.217768	-5.09422	-73.8842	0.181143	-92.1275	204.543	3.65891	4.45063	1.79964	

0.00655	11.9806	1.00033	0.0261498	0.0539411	-106.011	-0.216675	-5.09397	-73.8365	0.148797	-92.0845	200.925	3.65913	4.45114	1.79994	

0.0066	11.9816	1.00032	0.0261067	0.0539352	-106.011	-0.21512	-5.0937	-73.7926	0.120714	-92.045	197.565	3.65933	4.45161	1.80021	

0.00665	11.9824	1.00032	0.0260472	0.0539274	-106.011	-0.212929	-5.09337	-73.7526	0.0964741	-92.009	194.477	3.65951	4.45204	1.80046	

0.0067	11.9831	1.00032	0.0259657	0.053917	-106.012	-0.209882	-5.09293	-73.7165	0.0756503	-91.9764	191.665	3.65968	4.45243	1.80069	

0.00675	11.9838	1.00032	0.025855	0.0539032	-106.012	-0.205703	-5.09235	-73.684	0.0578111	-91.9471	189.127	3.65982	4.45277	1.80089	

0.0068	11.9844	1.00032	0.0257059	0.0538848	-106.012	-0.200045	-5.09157	-73.6552	0.0425124	-91.9211	186.857	3.65996	4.45308	1.80107	

0.00685	11.9849	1.00032	0.0255073	0.05386	-106.012	-0.192502	-5.09053	-73.6297	0.0290878	-91.8982	184.841	3.66007	4.45335	1.80123	

0.0069	11.9854	1.00032	0.0252463	0.0538265	-106.012	-0.182695	-5.08913	-73.6073	0.0144045	-91.878	183.063	3.66017	4.45359	1.80137	

0.00695	11.9858	1.00032	0.0249131	0.0537818	-106.012	-0.169886	-5.08725	-73.5877	0.00129537	-91.8604	181.503	3.66026	4.4538	1.8015	

0.007	11.9862	1.00033	0.024489	0.053722	-106.012	-0.153185	-5.08471	-73.5708	-0.00336386	-91.8451	180.142	3.66034	4.45399	1.8016	

0.00705	11.9865	1.00033	0.0239445	0.0536423	-106.013	-0.132193	-5.08133	-73.5561	-0.0030651	-91.8318	178.957	3.66041	4.45415	1.8017	

0.0071	11.9868	1.00034	0.0232595	0.053537	-106.013	-0.105691	-5.07685	-73.5434	-0.00248519	-91.8203	177.924	3.66047	4.45429	1.80178	

0.00715	11.987	1.00035	0.0224252	0.0533995	-106.014	-0.0711439	-5.07098	-73.5324	-0.00167895	-91.8103	177.022	3.66052	4.45442	1.80186	

0.0072	11.9873	1.00036	0.0213823	0.0532221	-106.014	-0.028654	-5.06335	-73.5228	-0.000660442	-91.8015	176.232	3.66057	4.45453	1.80193	

0.00725	11.9875	1.00038	0.02001	0.0529957	-106.015	0.0312215	-5.05354	-73.5144	0.000792382	-91.7937	175.528	3.66061	4.45464	1.80199	

0.0073	11.9877	1.0004	0.0180785	0.0527102	-106.016	0.107399	-5.04109	-73.5068	0.00264483	-91.7863	174.878	3.66065	4.45473	1.80205	

0.00735	11.9879	1.00043	0.0157984	0.052355	-106.016	0.192548	-5.02549	-73.4995	0.00470934	-91.7792	174.256	3.66069	4.45483	1.8021	

0.0074	11.988	1.00047	0.0133477	0.0519185	-106.017	0.29174	-5.00618	-73.4928	0.00710116	-91.7723	173.662	3.66073	4.45492	1.80216	

0.00745	11.9882	1.0005	0.0106772	0.0513888	-106.018	0.403979	-4.98257	-73.4866	0.00978438	-91.7656	173.099	3.66076	4.45501	1.80221	

0.0075	11.9884	1.00053	0.00771861	0.0507541	-106.019	0.52902	-4.95407	-73.4811	0.0127391	-91.759	172.561	3.6608	4.4551	1.80227	

0.00755	11.9886	1.00056	0.00444941	0.0500033	-106.021	0.667305	-4.9201	-73.4761	0.0159591	-91.7525	172.042	3.66083	4.45518	1.80232	

0.0076	11.9887	1.00059	0.000876024	0.0491271	-106.022	0.819191	-4.88015	-73.4716	0.0194328	-91.7459	171.536	3.66087	4.45526	1.80237	

0.00765	11.9889	1.00062	-0.00296635	0.0481185	-106.023	0.984014	-4.83378	-73.4676	0.023121	-91.7391	171.042	3.6609	4.45534	1.80241	

0.0077	11.989	1.00064	-0.00703357	0.0469734	-106.024	1.1603	-4.78069	-73.4641	0.0269634	-91.7319	170.561	3.66093	4.45542	1.80246	

0.00775	11.9892	1.00066	-0.0112759	0.0456915	-106.025	1.34605	-4.72075	-73.4611	0.030887	-91.7245	170.097	3.66096	4.45549	1.80249	

0.0078	11.9893	1.00068	-0.0156111	0.0442768	-106.025	1.53872	-4.65402	-73.4587	0.0348082	-91.7168	169.657	3.66098	4.45555	1.80253	

0.00785	11.9893	1.00068	-0.0199278	0.0427382	-106.025	1.73451	-4.58078	-73.4568	0.0386191	-91.7089	169.25	3.66101	4.45559	1.80255	

0.0079	11.9894	1.00068	-0.0241531	0.0410895	-106.025	1.92924	-4.50158	-73.4557	0.0422113	-91.701	168.886	3.66102	4.45563	1.80256	

0.00795	11.9894	1.00068	-0.0282451	0.0393496	-106.023	2.11979	-4.4172	-73.4553	0.0455107	-91.6932	168.57	3.66104	4.45565	1.80257	

0.008	11.9894	1.00067	-0.0321554	0.0375411	-106.022	2.30359	-4.32872	-73.4558	0.048466	-91.6859	168.308	3.66105	4.45567	1.80257	

0.00805	11.9894	1.00065	-0.0358418	0.035707	-106.021	2.47843	-4.23746	-73.457	0.0510454	-91.6791	168.104	3.66105	4.45568	1.80257	

0.0081	11.9894	1.00062	-0.0392707	0.0338945	-106.02	2.64248	-4.14552	-73.4589	0.053244	-91.6728	167.952	3.66106	4.45568	1.80256	

0.00815	11.9893	1.00059	-0.042418	0.0321278	-106.019	2.79435	-4.05479	-73.4612	0.0550727	-91.6672	167.847	3.66106	4.45567	1.80254	

0.0082	11.9893	1.00055	-0.0452692	0.030428	-106.017	2.93307	-3.96667	-73.4639	0.0565517	-91.6621	167.784	3.66106	4.45566	1.80253	

0.00825	11.9892	1.00052	-0.0478188	0.028816	-106.015	3.05812	-3.88236	-73.4667	0.0577111	-91.6576	167.758	3.66105	4.45564	1.80251	

0.0083	11.9891	1.00048	-0.0500693	0.0273094	-106.013	3.16936	-3.80287	-73.4694	0.0585879	-91.6535	167.76	3.66104	4.45561	1.80248	

0.00835	11.989	1.00045	-0.0520305	0.0259215	-106.011	3.26706	-3.72901	-73.4719	0.0592231	-91.6498	167.784	3.66104	4.45558	1.80246	

0.0084	11.989	1.00043	-0.0537178	0.0246611	-106.009	3.35174	-3.66138	-73.4742	0.0596584	-91.6464	167.822	3.66103	4.45555	1.80244	

0.00845	11.9889	1.0004	-0.055151	0.0235328	-106.006	3.4242	-3.60033	-73.4762	0.0599342	-91.6434	167.87	3.66101	4.45552	1.80241	

0.0085	11.9888	1.00038	-0.056353	0.0225372	-106.003	3.48541	-3.54602	-73.478	0.0600874	-91.6408	167.923	3.661	4.45549	1.80239	

0.00855	11.9887	1.00035	-0.0573481	0.0216711	-106.001	3.53646	-3.49839	-73.4796	0.0601506	-91.6387	167.979	3.66099	4.45547	1.80237	

0.0086	11.9887	1.00033	-0.0581612	0.0209283	-105.999	3.57849	-3.45724	-73.4809	0.0601512	-91.6369	168.033	3.66099	4.45544	1.80235	

0.00865	11.9886	1.0003	-0.0588166	0.0203003	-105.998	3.61264	-3.4222	-73.4822	0.0601112	-91.6355	168.084	3.66098	4.45542	1.80234	

0.0087	11.9886	1.00027	-0.0593377	0.019777	-105.996	3.64003	-3.3928	-73.4832	0.0600477	-91.6344	168.13	3.66097	4.45541	1.80233	

0.00875	11.9886	1.00024	-0.0597465	0.0193474	-105.995	3.66169	-3.36849	-73.4839	0.0599731	-91.6334	168.171	3.66097	4.45539	1.80232	

0.0088	11.9885	1.00021	-0.0600625	0.0190002	-105.993	3.67855	-3.34867	-73.4843	0.059896	-91.6324	168.209	3.66096	4.45538	1.80231	

0.00885	11.9885	1.00018	-0.0603035	0.018724	-105.991	3.69148	-3.33274	-73.4843	0.0598218	-91.6311	168.242	3.66095	4.45536	1.8023	

0.0089	11.9884	1.00015	-0.0604841	0.0185076	-105.987	3.7012	-3.32011	-73.4836	0.059754	-91.6294	168.274	3.66094	4.45533	1.80228	

0.00895	11.9884	1.00011	-0.0606167	0.0183404	-105.982	3.70836	-3.31023	-73.4821	0.0596938	-91.627	168.306	3.66092	4.45529	1.80226	

0.009	11.9882	1.00004	-0.0607112	0.0182122	-105.973	3.71345	-3.30256	-73.4795	0.0596411	-91.6234	168.346	3.6609	4.45523	1.80222	

0.00905	11.9881	0.99991	-0.0607745	0.0181134	-105.959	3.71685	-3.29657	-73.4749	0.0595939	-91.6176	168.406	3.66086	4.45513	1.80217	

0.0091	11.9877	0.999649	-0.060812	0.0180347	-105.935	3.71875	-3.29171	-73.4666	0.0595476	-91.6074	168.508	3.66078	4.45496	1.80207	

0.00915	11.9871	0.999126	-0.0608293	0.0179669	-105.888	3.71909	-3.28731	-73.4505	0.0594946	-91.5881	168.697	3.66065	4.45464	1.80188	

0.0092	11.9859	0.99807	-0.060828	0.0179012	-105.795	3.71744	-3.28242	-73.4187	0.0594215	-91.5502	169.072	3.66037	4.454	1.8015	

0.00925	11.9833	0.995942	-0.0607868	0.0178203	-105.608	3.71237	-3.27542	-73.3546	0.0592985	-91.4737	169.857	3.65982	4.4527	1.80074	

0.0093	11.9782	0.991664	-0.0606495	0.0176842	-105.227	3.70036	-3.2631	-73.2237	0.0590565	-91.3177	171.448	3.65868	4.45004	1.79919	

0.00935	11.9677	0.982968	-0.0603325	0.0174207	-104.461	3.67463	-3.23938	-72.9599	0.0585648	-91.0033	174.674	3.65639	4.44467	1.79606	

0.0094	11.9466	0.965503	-0.0597088	0.0168982	-102.918	3.62231	-3.19238	-72.4244	0.0575799	-90.3653	180.989	3.65174	4.43379	1.78971	

0.00945	11.9047	0.931113	-0.058516	0.0158742	-99.9117	3.52123	-3.10148	-71.3571	0.0556859	-89.0966	192.245	3.64258	4.41235	1.7772	

0.0095	11.8257	0.865862	-0.0562834	0.0139495	-94.385	3.33706	-2.93554	-69.319	0.052253	-86.6803	210.051	3.62535	4.37201	1.75367	

0.00955	11.6843	0.752385	-0.0524278	0.0106273	-84.9772	3.02829	-2.65747	-65.5971	0.0465556	-82.2924	231.148	3.59482	4.30057	1.71198	

0.0096	11.464	0.581361	-0.0468824	0.00581456	-71.4065	2.59514	-2.2675	-59.5967	0.038687	-75.2806	238.755	3.548	4.19097	1.64804	

0.00965	11.184	0.392679	-0.0411289	0.000680564	-55.8195	2.12386	-1.84313	-51.6514	0.0303579	-66.0978	202.587	3.4898	4.05472	1.56853	

0.0097	10.9244	0.23895	-0.0366959	-0.00343805	-43.1243	1.7556	-1.51026	-44.3669	0.0240317	-57.7148	131.322	3.43711	3.93137	1.49655	

0.00975	10.7289	0.133471	-0.0337446	-0.00626122	-34.8224	1.5163	-1.29312	-39.2389	0.0200214	-51.7918	65.9234	3.39826	3.84041	1.44347	

0.0098	10.6022	0.0702754	-0.0319887	-0.00798188	-30.0539	1.37671	-1.16593	-36.1678	0.0177213	-48.2204	26.5682	3.37345	3.78235	1.40959	

0.00985	10.5284	0.0353429	-0.0310075	-0.00895914	-27.511	1.30046	-1.0961	-34.4962	0.0164752	-46.2625	9.14529	3.35913	3.74881	1.39002	

0.0099	10.4882	0.0169666	-0.0304806	-0.00948743	-26.2082	1.26043	-1.05928	-33.6326	0.0158226	-45.2451	2.86787	3.35139	3.73068	1.37944	

0.00995	10.4689	0.00904218	-0.0302534	-0.00972111	-25.6035	1.24146	-1.04182	-33.2307	0.0155134	-44.7696	0.966112	3.34767	3.72199	1.37436	

