 	density	u_1	u_2	u_3	sigma_11	sigma_12	sigma_13	sigma_22	sigma_23	sigma_33	S 	I1	I2	I3	dI_1	dI_2	dI_3
0	9.11223	9.39654e-06	0.5	1	-31.3331	0.901353	-0.177265	-29.9384	4.24061	-30.3447	1000	3.05165	3.09329	1.04123	

5e-05	9.11222	1.50458e-05	0.5	1	-31.3328	0.901346	-0.177262	-29.9381	4.24059	-30.3444	1000	3.05164	3.09328	1.04123	

0.0001	9.1122	2.55797e-05	0.5	1	-31.3322	0.901334	-0.177255	-29.9377	4.24057	-30.344	1000	3.05164	3.09327	1.04122	

0.00015	9.11217	4.18942e-05	0.5	1	-31.3312	0.901316	-0.177244	-29.9371	4.24052	-30.3433	999.999	3.05163	3.09326	1.04122	

0.0002	9.11213	6.67412e-05	0.5	1	-31.3298	0.901287	-0.177228	-29.9361	4.24046	-30.3424	999.999	3.05162	3.09324	1.04121	

0.00025	9.11206	0.00010434	0.5	1.00001	-31.3276	0.901244	-0.177204	-29.9346	4.24036	-30.3408	999.998	3.05161	3.09321	1.04119	

0.0003	9.11197	0.000160545	0.5	1.00001	-31.3242	0.901179	-0.177169	-29.9323	4.24021	-30.3386	999.998	3.05159	3.09317	1.04117	

0.00035	9.11182	0.000243317	0.5	1.00001	-31.3194	0.901083	-0.177119	-29.929	4.23999	-30.3352	999.997	3.05155	3.0931	1.04114	

0.0004	9.11162	0.000363299	0.5	1.00002	-31.3124	0.900944	-0.177049	-29.9243	4.23967	-30.3304	999.995	3.05151	3.09301	1.04109	

0.00045	9.11132	0.000534447	0.5	1.00003	-31.3024	0.900745	-0.176952	-29.9175	4.23922	-30.3236	999.993	3.05144	3.09287	1.04102	

0.0005	9.11091	0.000774657	0.499999	1.00004	-31.2884	0.900467	-0.176819	-29.908	4.23859	-30.3141	999.99	3.05135	3.09268	1.04093	

0.00055	9.11035	0.00110636	0.499998	1.00005	-31.2693	0.900083	-0.176643	-29.8949	4.23772	-30.3009	999.986	3.05122	3.09242	1.0408	

0.0006	9.10958	0.00155701	0.499996	1.00007	-31.2433	0.899562	-0.176412	-29.8773	4.23654	-30.2832	999.981	3.05104	3.09207	1.04062	

0.00065	9.10856	0.00215937	0.499993	1.00009	-31.2087	0.898867	-0.176115	-29.8538	4.23497	-30.2595	999.975	3.05081	3.0916	1.04039	

0.0007	9.10723	0.0029515	0.499989	1.00012	-31.1635	0.897953	-0.17574	-29.823	4.23291	-30.2286	999.967	3.0505	3.09099	1.04009	

0.00075	9.1055	0.00397649	0.499983	1.00016	-31.1052	0.896773	-0.175273	-29.7833	4.23026	-30.1887	999.958	3.05011	3.0902	1.03969	

0.0008	9.10331	0.00528163	0.499974	1.0002	-31.0313	0.895272	-0.174702	-29.7331	4.22689	-30.1381	999.946	3.04961	3.08919	1.03919	

0.00085	9.10057	0.00691728	0.499961	1.00026	-30.9392	0.893393	-0.174014	-29.6704	4.22268	-30.0751	999.933	3.04898	3.08793	1.03857	

0.0009	9.0972	0.0089353	0.499944	1.00032	-30.8262	0.891076	-0.173188	-29.5935	4.2175	-29.9977	999.918	3.04821	3.08639	1.0378	

0.00095	9.09312	0.011387	0.499921	1.00039	-30.6897	0.888259	-0.172189	-29.5005	4.21123	-29.9041	999.902	3.04728	3.08451	1.03687	

0.001	9.08824	0.0143213	0.499891	1.00048	-30.5272	0.884887	-0.171003	-29.3898	4.20376	-29.7927	999.885	3.04617	3.08228	1.03575	

0.00105	9.0825	0.017782	0.499854	1.00057	-30.3369	0.880916	-0.169631	-29.2599	4.19496	-29.6621	999.867	3.04486	3.07965	1.03445	

0.0011	9.07583	0.0218063	0.499807	1.00067	-30.117	0.876299	-0.168045	-29.1097	4.18476	-29.5109	999.849	3.04334	3.0766	1.03293	

0.00115	9.06819	0.0264228	0.499749	1.00079	-29.8665	0.87101	-0.166228	-28.9384	4.1731	-29.3385	999.832	3.0416	3.0731	1.03119	

0.0012	9.05956	0.0316501	0.49968	1.00091	-29.585	0.865038	-0.164216	-28.7454	4.15993	-29.1443	999.815	3.03964	3.06916	1.02923	

0.00125	9.04991	0.0374959	0.499599	1.00104	-29.2726	0.858389	-0.162042	-28.5308	4.14524	-28.9284	999.802	3.03744	3.06475	1.02704	

0.0013	9.03925	0.0439568	0.499506	1.00117	-28.93	0.851077	-0.15973	-28.295	4.12905	-28.6911	999.791	3.03502	3.05989	1.02462	

0.00135	9.0276	0.0510184	0.499399	1.0013	-28.5587	0.843129	-0.157296	-28.0386	4.11139	-28.4332	999.783	3.03238	3.05458	1.02198	

0.0014	9.015	0.0586557	0.499279	1.00144	-28.1606	0.834584	-0.15476	-27.763	4.09234	-28.1558	999.78	3.02953	3.04885	1.01913	

0.00145	9.0015	0.0668338	0.499146	1.00157	-27.7381	0.825492	-0.152145	-27.4695	4.07199	-27.8604	999.782	3.02648	3.04272	1.01608	

0.0015	8.98718	0.075509	0.498999	1.00171	-27.2939	0.815914	-0.149472	-27.1599	4.05045	-27.5489	999.788	3.02324	3.03622	1.01285	

0.00155	8.9721	0.0846295	0.49884	1.00184	-26.8314	0.805916	-0.146766	-26.8362	4.02785	-27.2231	999.799	3.01985	3.02939	1.00945	

0.0016	8.95637	0.094137	0.49867	1.00196	-26.3538	0.795572	-0.144052	-26.5006	4.00434	-26.8854	999.814	3.01631	3.02228	1.00592	

0.00165	8.94009	0.103967	0.498488	1.00208	-25.8648	0.784961	-0.141358	-26.1556	3.98009	-26.5382	999.834	3.01265	3.01494	1.00226	

0.0017	8.92337	0.11405	0.498297	1.00219	-25.3682	0.774163	-0.138714	-25.8037	3.95527	-26.1841	999.858	3.0089	3.0074	0.998516	

0.00175	8.90634	0.124314	0.498095	1.00229	-24.868	0.763259	-0.136163	-25.4476	3.93007	-25.8257	999.885	3.00509	2.99975	0.994707	

0.0018	8.88915	0.13468	0.497884	1.00237	-24.3691	0.752347	-0.133762	-25.0908	3.90475	-25.4665	999.914	3.00125	2.99204	0.990873	

0.00185	8.87204	0.145023	0.497661	1.00243	-23.878	0.741556	-0.131558	-24.7379	3.87962	-25.1114	999.946	2.99744	2.98437	0.987061	

0.0019	8.85515	0.15522	0.49743	1.00246	-23.3988	0.731	-0.129558	-24.3921	3.85491	-24.7633	999.982	2.99368	2.97682	0.983307	

0.00195	8.83864	0.16519	0.497196	1.00247	-22.9355	0.720764	-0.127751	-24.0561	3.83083	-24.4252	1000.02	2.99001	2.96945	0.979643	

0.002	8.82265	0.174844	0.49696	1.00246	-22.4916	0.710931	-0.126152	-23.7328	3.8076	-24.0998	1000.05	2.98647	2.96233	0.976102	

0.00205	8.80733	0.184101	0.496725	1.00244	-22.0706	0.701575	-0.124765	-23.4248	3.78542	-23.7898	1000.09	2.98308	2.95552	0.972715	

0.0021	8.79282	0.192877	0.496493	1.00239	-21.6757	0.692774	-0.123592	-23.1348	3.76449	-23.4979	1000.12	2.97987	2.94908	0.969513	

0.00215	8.77926	0.201099	0.496266	1.00233	-21.3099	0.684595	-0.122635	-22.865	3.74498	-23.2263	1000.15	2.97688	2.94308	0.966525	

0.0022	8.76676	0.208697	0.496048	1.00225	-20.9755	0.677092	-0.121915	-22.6175	3.72705	-22.9772	1000.18	2.97413	2.93754	0.963774	

0.00225	8.75542	0.215612	0.49584	1.00216	-20.6744	0.670303	-0.121453	-22.3939	3.71083	-22.7521	1000.2	2.97164	2.93253	0.961282	

0.0023	8.74531	0.221803	0.495641	1.00205	-20.4079	0.664253	-0.121234	-22.1955	3.6964	-22.5524	1000.23	2.96941	2.92807	0.959063	

0.00235	8.73646	0.227244	0.495455	1.00192	-20.1765	0.658965	-0.121179	-22.0228	3.68381	-22.3785	1000.25	2.96747	2.92417	0.957125	

0.0024	8.72892	0.231924	0.495285	1.00179	-19.9801	0.654459	-0.121193	-21.8758	3.67309	-22.2305	1000.27	2.96582	2.92085	0.955472	

0.00245	8.72267	0.235843	0.495135	1.00168	-19.8177	0.65075	-0.121286	-21.7539	3.66422	-22.1079	1000.28	2.96445	2.9181	0.954104	

0.0025	8.71765	0.239019	0.495007	1.00158	-19.6877	0.647871	-0.121654	-21.6562	3.65712	-22.0095	1000.28	2.96335	2.91589	0.953007	

0.00255	8.71378	0.241496	0.494901	1.00147	-19.5878	0.645889	-0.122592	-21.581	3.65165	-21.9339	1000.29	2.96251	2.91419	0.95216	

0.0026	8.71091	0.243346	0.494831	1.00129	-19.5149	0.644885	-0.124337	-21.5264	3.64764	-21.8789	1000.31	2.96188	2.91293	0.951535	

0.00265	8.70896	0.244649	0.494814	1.00106	-19.4658	0.645069	-0.128248	-21.4896	3.64494	-21.8418	1000.33	2.96145	2.91207	0.951107	

0.0027	8.70779	0.245465	0.494843	1.00085	-19.4364	0.646044	-0.133291	-21.4676	3.64338	-21.8196	1000.34	2.9612	2.91156	0.950851	

0.00275	8.70722	0.245864	0.494891	1.00057	-19.4234	0.647439	-0.138673	-21.458	3.64269	-21.8099	1000.36	2.96108	2.91131	0.950729	

0.0028	8.70706	0.245966	0.49495	1.00023	-19.4212	0.649564	-0.146175	-21.4568	3.6426	-21.8086	1000.38	2.96104	2.91124	0.950694	

0.00285	8.70718	0.245897	0.495034	0.999784	-19.4262	0.652384	-0.156142	-21.4609	3.64295	-21.8128	1000.41	2.96107	2.91129	0.950718	

0.0029	8.70759	0.245685	0.495144	0.999187	-19.4393	0.656005	-0.169375	-21.4712	3.64379	-21.8231	1000.44	2.96116	2.91148	0.950809	

0.00295	8.70825	0.245316	0.495281	0.998408	-19.4591	0.66046	-0.18686	-21.4867	3.64506	-21.8387	1000.48	2.96131	2.91177	0.950952	

0.003	8.70906	0.244832	0.495447	0.997394	-19.4836	0.665691	-0.209695	-21.5057	3.64665	-21.8579	1000.52	2.96149	2.91213	0.951129	

0.00305	8.70994	0.244281	0.495652	0.996084	-19.5106	0.671479	-0.239162	-21.5266	3.64846	-21.8791	1000.57	2.96169	2.91251	0.951321	

0.0031	8.71078	0.243702	0.495865	0.994404	-19.5377	0.677279	-0.276751	-21.5477	3.65038	-21.9006	1000.63	2.96188	2.91289	0.951504	

0.00315	8.71147	0.243149	0.496008	0.992263	-19.5632	0.682708	-0.324249	-21.5677	3.65227	-21.9214	1000.72	2.96205	2.9132	0.951656	

0.0032	8.71197	0.242665	0.496044	0.989555	-19.5865	0.687726	-0.383708	-21.5861	3.65411	-21.9409	1000.84	2.96218	2.91344	0.951766	

0.00325	8.71225	0.242264	0.496004	0.986163	-19.6071	0.69205	-0.457289	-21.6023	3.65587	-21.9588	1000.98	2.96227	2.91358	0.951827	

0.0033	8.71228	0.241947	0.495883	0.981971	-19.6247	0.694609	-0.54713	-21.6159	3.65751	-21.975	1001.15	2.96233	2.91363	0.951832	

0.00335	8.712	0.241716	0.495589	0.976852	-19.6395	0.693974	-0.655379	-21.6265	3.65893	-21.9895	1001.35	2.96234	2.91357	0.951771	

0.0034	8.71135	0.241583	0.495021	0.97068	-19.6516	0.688685	-0.784162	-21.634	3.65995	-22.0026	1001.59	2.96231	2.91339	0.951629	

0.00345	8.71027	0.241555	0.494088	0.963329	-19.6616	0.677098	-0.935431	-21.6381	3.66034	-22.0148	1001.89	2.96224	2.91307	0.951393	

0.0035	8.70866	0.241618	0.492682	0.954686	-19.67	0.657433	-1.11084	-21.6386	3.65975	-22.0265	1002.24	2.96212	2.91259	0.951042	

0.00355	8.70632	0.241788	0.490688	0.944653	-19.6752	0.627638	-1.31153	-21.633	3.65752	-22.0363	1002.66	2.96196	2.91191	0.950532	

0.0036	8.70306	0.242122	0.487967	0.933154	-19.676	0.585372	-1.53806	-21.6191	3.6529	-22.0429	1003.16	2.96173	2.91096	0.94982	

0.00365	8.6987	0.242649	0.484358	0.920139	-19.6723	0.528289	-1.79035	-21.5954	3.64497	-22.0459	1003.73	2.96145	2.90973	0.948868	

0.0037	8.69303	0.243389	0.479717	0.905589	-19.6645	0.451756	-2.06715	-21.5606	3.63247	-22.0448	1004.4	2.96111	2.90817	0.947632	

0.00375	8.68583	0.244377	0.474105	0.889485	-19.6522	0.359059	-2.36788	-21.5122	3.61439	-22.0384	1005.14	2.96074	2.90626	0.946063	

0.0038	8.6769	0.245663	0.467452	0.871882	-19.6348	0.252724	-2.69074	-21.4475	3.58974	-22.0246	1005.95	2.96034	2.90397	0.944117	

0.00385	8.66606	0.247281	0.459762	0.852862	-19.6117	0.128714	-3.03176	-21.3637	3.55703	-22.0014	1006.8	2.95994	2.9013	0.94176	

0.0039	8.65316	0.249262	0.450977	0.832555	-19.5825	-0.0123986	-3.38716	-21.2588	3.51507	-21.9669	1007.65	2.95958	2.89825	0.938959	

0.00395	8.6381	0.251638	0.440997	0.811125	-19.5473	-0.169478	-3.75292	-21.1308	3.46287	-21.919	1008.49	2.95928	2.89485	0.935694	

0.004	8.62087	0.254451	0.429846	0.788745	-19.5058	-0.340676	-4.12495	-20.9778	3.39974	-21.8555	1009.24	2.95909	2.89114	0.931964	

0.00405	8.60153	0.257722	0.41768	0.765578	-19.4578	-0.524116	-4.49901	-20.7984	3.32533	-21.7742	1009.86	2.95907	2.88721	0.927787	

0.0041	8.58024	0.261452	0.404637	0.741786	-19.4036	-0.71764	-4.87097	-20.5919	3.23965	-21.6734	1010.26	2.95927	2.88314	0.923199	

0.00415	8.55724	0.265637	0.390793	0.717528	-19.3435	-0.918335	-5.23708	-20.3586	3.14329	-21.5519	1010.38	2.95976	2.87907	0.918258	

0.0042	8.53292	0.27027	0.37625	0.692919	-19.2784	-1.12298	-5.59396	-20.0999	3.03738	-21.4096	1010.12	2.96058	2.87512	0.913045	

0.00425	8.50777	0.275346	0.361146	0.668066	-19.2088	-1.32866	-5.93802	-19.8179	2.92364	-21.2466	1009.41	2.96179	2.87145	0.907671	

0.0043	8.48246	0.280843	0.345607	0.643223	-19.1344	-1.53262	-6.26627	-19.5147	2.80438	-21.0627	1008.11	2.96343	2.86824	0.902279	

0.00435	8.45781	0.286691	0.329704	0.618603	-19.057	-1.73173	-6.57772	-19.1942	2.68241	-20.8603	1006.1	2.96555	2.86571	0.897041	

0.0044	8.43467	0.292824	0.313676	0.594263	-18.9778	-1.92245	-6.87161	-18.8609	2.56109	-20.642	1003.25	2.96817	2.86404	0.892142	

0.00445	8.41404	0.299162	0.297798	0.570269	-18.8978	-2.10295	-7.14674	-18.5202	2.4439	-20.4113	999.431	2.97129	2.86341	0.887782	

0.0045	8.39693	0.305632	0.282167	0.546701	-18.8185	-2.27167	-7.40157	-18.179	2.33457	-20.1723	994.544	2.97486	2.86399	0.884176	

0.00455	8.38447	0.312164	0.266897	0.523689	-18.7405	-2.42722	-7.63434	-17.844	2.23714	-19.9294	988.474	2.97883	2.86591	0.881552	

0.0046	8.37779	0.318678	0.252143	0.501451	-18.6643	-2.56835	-7.84338	-17.5221	2.15576	-19.6864	981.097	2.98314	2.86932	0.88015	

0.00465	8.37806	0.325074	0.238129	0.480333	-18.5913	-2.6942	-8.02765	-17.2196	2.09437	-19.4474	972.272	2.98771	2.87438	0.880206	

0.0047	8.38629	0.331143	0.225146	0.460815	-18.5255	-2.80445	-8.18729	-16.9429	2.05626	-19.217	961.861	2.99253	2.88126	0.881936	

0.00475	8.40301	0.33664	0.213524	0.443447	-18.467	-2.899	-8.32256	-16.6927	2.04345	-18.9951	949.731	2.99759	2.89005	0.885456	

0.0048	8.4283	0.341372	0.203578	0.428754	-18.4162	-2.97835	-8.43504	-16.4664	2.05643	-18.7796	935.748	3.0029	2.9008	0.890794	

0.00485	8.46169	0.345169	0.195536	0.417129	-18.3735	-3.0436	-8.52761	-16.2578	2.09398	-18.566	919.79	3.00854	2.91349	0.897866	

0.0049	8.5022	0.347938	0.189474	0.408692	-18.3387	-3.0963	-8.60419	-16.0578	2.15321	-18.3483	901.764	3.01456	2.92803	0.906484	

0.00495	8.54844	0.349711	0.185272	0.403155	-18.3111	-3.13829	-8.66903	-15.8561	2.23011	-18.1197	881.623	3.02102	2.94422	0.916371	

0.005	8.59888	0.350663	0.18261	0.399742	-18.2904	-3.17165	-8.7251	-15.6449	2.32035	-17.8753	859.398	3.02792	2.96176	0.927217	

0.00505	8.65218	0.351086	0.180998	0.397382	-18.2771	-3.19864	-8.7716	-15.4219	2.42039	-17.6139	835.225	3.03519	2.98035	0.938747	

0.0051	8.7074	0.351218	0.179893	0.39572	-18.2696	-3.22084	-8.80419	-15.1863	2.5282	-17.3338	809.198	3.04275	2.99968	0.950767	

0.00515	8.76376	0.351093	0.17914	0.395131	-18.2647	-3.23696	-8.8232	-14.9332	2.64216	-17.0315	781.213	3.05054	3.01957	0.963115	

0.0052	8.82037	0.350671	0.178949	0.395714	-18.2616	-3.24628	-8.83255	-14.6578	2.75972	-16.7057	751.143	3.05851	3.0398	0.975597	

0.00525	8.87619	0.349966	0.1794	0.397312	-18.2594	-3.25015	-8.83679	-14.3579	2.87754	-16.3566	718.913	3.06662	3.06006	0.987984	

0.0053	8.93023	0.349076	0.180295	0.399454	-18.2585	-3.25089	-8.84039	-14.0348	2.99227	-15.988	684.544	3.07475	3.08006	1.00005	

0.00535	8.98178	0.34818	0.1811	0.401355	-18.2611	-3.25013	-8.8445	-13.6962	3.10181	-15.6079	648.242	3.08277	3.09948	1.01163	

0.0054	9.03049	0.347429	0.181452	0.402597	-18.2656	-3.24641	-8.84659	-13.3492	3.20602	-15.2227	610.204	3.09056	3.11812	1.02263	

0.00545	9.07625	0.346864	0.181364	0.403173	-18.2704	-3.23832	-8.84439	-12.9993	3.30515	-14.8374	570.533	3.09802	3.13583	1.03302	

0.0055	9.11903	0.34649	0.180892	0.403083	-18.2754	-3.2251	-8.83595	-12.6528	3.39942	-14.4574	529.354	3.10509	3.15253	1.04278	

0.00555	9.15883	0.346284	0.180178	0.402372	-18.2807	-3.20702	-8.81956	-12.3153	3.48889	-14.0877	486.816	3.11172	3.16816	1.05191	

0.0056	9.19567	0.346215	0.179293	0.401159	-18.2871	-3.18575	-8.79414	-11.9919	3.57326	-13.7325	443.104	3.11789	3.1827	1.06039	

0.00565	9.22955	0.346266	0.178044	0.399641	-18.2946	-3.16177	-8.76035	-11.6861	3.65234	-13.3956	398.418	3.12358	3.19611	1.06821	

0.0057	9.26049	0.346441	0.176162	0.397749	-18.3038	-3.13223	-8.72087	-11.4006	3.72642	-13.0808	353.037	3.12878	3.2084	1.07539	

0.00575	9.28865	0.346783	0.173519	0.394992	-18.3151	-3.09338	-8.67495	-11.1399	3.7965	-12.7926	307.533	3.13348	3.21955	1.08194	

0.0058	9.3143	0.347354	0.170074	0.391035	-18.3282	-3.04287	-8.61718	-10.9077	3.86401	-12.5328	262.631	3.13766	3.22962	1.08792	

0.00585	9.33784	0.348167	0.165802	0.385877	-18.3431	-2.979	-8.54252	-10.7058	3.93032	-12.302	218.98	3.14135	3.23871	1.09343	

0.0059	9.35961	0.3492	0.160698	0.379573	-18.3605	-2.90042	-8.44764	-10.5348	3.99645	-12.0995	177.222	3.14459	3.24693	1.09853	

0.00595	9.37986	0.350425	0.154766	0.372149	-18.3809	-2.80612	-8.3305	-10.3941	4.06301	-11.9244	138.015	3.14741	3.25439	1.10329	

0.006	9.39882	0.351819	0.148007	0.363584	-18.4042	-2.69545	-8.18969	-10.2825	4.13035	-11.775	102.025	3.14986	3.26117	1.10775	

0.00605	9.41663	0.353364	0.140421	0.353831	-18.4305	-2.56805	-8.02398	-10.1983	4.19856	-11.6494	69.8784	3.15197	3.26733	1.11196	

0.0061	9.43344	0.35504	0.13202	0.342853	-18.4592	-2.42389	-7.83219	-10.1395	4.26763	-11.5455	42.0881	3.15378	3.27295	1.11593	

0.00615	9.44936	0.356823	0.122841	0.330633	-18.4903	-2.26327	-7.61336	-10.1038	4.33733	-11.4609	18.9804	3.15531	3.27809	1.1197	

0.0062	9.46446	0.358688	0.112945	0.31719	-18.5234	-2.08697	-7.36687	-10.0887	4.40725	-11.3932	0.646047	3.15662	3.28281	1.12328	

0.00625	9.47881	0.36059	0.102428	0.302579	-18.5588	-1.89631	-7.09263	-10.0919	4.4768	-11.3403	-13.039	3.15772	3.28715	1.12669	

0.0063	9.49236	0.362474	0.0914096	0.286887	-18.595	-1.69314	-6.79107	-10.1103	4.54512	-11.2997	-22.4012	3.15864	3.29113	1.12991	

0.00635	9.50506	0.364291	0.0801476	0.270225	-18.6307	-1.48014	-6.46328	-10.1405	4.61119	-11.2684	-27.9701	3.15941	3.29476	1.13294	

0.0064	9.51683	0.36599	0.0690182	0.252721	-18.6645	-1.26265	-6.11064	-10.1799	4.67373	-11.2444	-30.2906	3.16004	3.29803	1.13575	

0.00645	9.52757	0.367539	0.0582637	0.234511	-18.6958	-1.04738	-5.73508	-10.2263	4.73143	-11.2265	-29.8494	3.16053	3.30095	1.13831	

0.0065	9.53722	0.368921	0.0480323	0.215738	-18.7243	-0.839838	-5.33936	-10.2775	4.7834	-11.2134	-27.1656	3.16091	3.3035	1.14062	

0.00655	9.54574	0.370117	0.0385012	0.196703	-18.7492	-0.644844	-4.92722	-10.3311	4.82902	-11.2041	-22.8693	3.16118	3.3057	1.14266	

0.0066	9.55312	0.371112	0.0298183	0.177832	-18.7698	-0.466212	-4.50548	-10.384	4.86793	-11.1971	-17.6559	3.16136	3.30755	1.14443	

0.00665	9.55935	0.37191	0.0220897	0.159389	-18.7862	-0.306732	-4.08222	-10.4342	4.90012	-11.1919	-12.0341	3.16147	3.30908	1.14592	

0.0067	9.56449	0.37253	0.0153913	0.141534	-18.7986	-0.168493	-3.66402	-10.4804	4.92593	-11.1883	-6.33764	3.16152	3.3103	1.14715	

0.00675	9.56864	0.37299	0.00975769	0.124465	-18.8075	-0.0528608	-3.25671	-10.5216	4.94593	-11.1859	-0.838979	3.16152	3.31126	1.14815	

0.0068	9.57189	0.373315	0.00516506	0.108364	-18.8131	0.0396562	-2.86558	-10.5574	4.96088	-11.1843	4.25986	3.16149	3.31197	1.14893	

0.00685	9.57437	0.373524	0.00156681	0.0933784	-18.8157	0.109788	-2.49536	-10.5874	4.97161	-11.1832	8.82107	3.16143	3.31249	1.14952	

0.0069	9.57621	0.373637	-0.00108312	0.0796094	-18.8159	0.159239	-2.14994	-10.6117	4.97897	-11.1822	12.769	3.16136	3.31284	1.14996	

0.00695	9.57751	0.373674	-0.00289135	0.0671282	-18.8136	0.190002	-1.83207	-10.6304	4.98373	-11.181	16.0788	3.16128	3.31306	1.15028	

0.007	9.57839	0.37366	-0.00404654	0.0559758	-18.8093	0.204367	-1.5435	-10.6439	4.98658	-11.1793	18.7498	3.16119	3.31318	1.15049	

0.00705	9.57896	0.373613	-0.00471337	0.0461513	-18.8042	0.203822	-1.28502	-10.6534	4.98812	-11.1775	20.829	3.16111	3.31324	1.15063	

0.0071	9.57931	0.373529	-0.00499747	0.0376148	-18.7987	0.20251	-1.05881	-10.6597	4.98897	-11.1754	22.4023	3.16104	3.31325	1.15071	

0.00715	9.57947	0.373413	-0.00522696	0.0303448	-18.7921	0.198065	-0.863415	-10.6629	4.98927	-11.1728	23.5469	3.16096	3.31321	1.15075	

0.0072	9.57948	0.373273	-0.00522379	0.0242003	-18.7842	0.181614	-0.695269	-10.6635	4.9891	-11.1694	24.3524	3.16089	3.31315	1.15075	

0.00725	9.57939	0.373108	-0.00498391	0.0190828	-18.7751	0.164261	-0.553857	-10.6621	4.98872	-11.1653	24.8915	3.16082	3.31305	1.15073	

0.0073	9.57921	0.372918	-0.00444487	0.0148796	-18.7647	0.145294	-0.436255	-10.659	4.9882	-11.1604	25.2409	3.16074	3.31293	1.15068	

0.00735	9.57894	0.372696	-0.00376041	0.0114673	-18.7527	0.124416	-0.339463	-10.6543	4.98757	-11.1546	25.4562	3.16065	3.31278	1.15062	

0.0074	9.5786	0.372435	-0.00310796	0.00872924	-18.7387	0.103327	-0.260832	-10.6482	4.98685	-11.1477	25.5775	3.16056	3.3126	1.15054	

0.00745	9.57816	0.372119	-0.002527	0.00656105	-18.7219	0.0837557	-0.197876	-10.6404	4.98601	-11.1395	25.6394	3.16044	3.31238	1.15043	

0.0075	9.5776	0.371726	-0.00200927	0.00486743	-18.7012	0.0663793	-0.148159	-10.6306	4.98501	-11.1293	25.6719	3.1603	3.3121	1.1503	

0.00755	9.57687	0.371221	-0.00155805	0.00356201	-18.6749	0.0513741	-0.109419	-10.618	4.98375	-11.1165	25.701	3.16013	3.31175	1.15012	

0.0076	9.5759	0.370551	-0.00117443	0.00256896	-18.6404	0.0386693	-0.079621	-10.6014	4.98211	-11.0997	25.7515	3.15989	3.31128	1.14989	

0.00765	9.57458	0.369637	-0.000852995	0.00182279	-18.5939	0.0280364	-0.0569823	-10.5792	4.97989	-11.0772	25.8499	3.15957	3.31064	1.14957	

0.0077	9.57273	0.368361	-0.00058381	0.00126824	-18.5293	0.0190261	-0.039944	-10.5485	4.9768	-11.0462	26.0287	3.15913	3.30975	1.14913	

0.00775	9.57009	0.366547	-0.000363497	0.00086126	-18.4381	0.0108659	-0.0271393	-10.5053	4.97242	-11.0026	26.3295	3.1585	3.30848	1.1485	

0.0078	9.56631	0.363937	-0.000195168	0.000568207	-18.3074	0.00540413	-0.0179429	-10.4436	4.96612	-10.9402	26.8071	3.15759	3.30665	1.14759	

0.00785	9.56082	0.360158	-0.000112799	0.000369497	-18.119	0.00352439	-0.0118184	-10.3544	4.95699	-10.8501	27.5315	3.15627	3.304	1.14627	

0.0079	9.55285	0.354685	-7.69203e-05	0.000237768	-17.847	0.00265298	-0.007705	-10.2256	4.94376	-10.7199	28.5848	3.15436	3.30016	1.14436	

0.00795	9.54133	0.346806	-5.39894e-05	0.000150352	-17.4565	0.00189296	-0.00491898	-10.0398	4.92468	-10.5322	30.0467	3.1516	3.29462	1.1416	

0.008	9.52486	0.335592	-3.63625e-05	9.29262e-05	-16.9027	0.00126923	-0.00306329	-9.77455	4.89744	-10.2643	31.9569	3.14766	3.2867	1.13766	

0.00805	9.50167	0.319938	-2.34512e-05	5.59717e-05	-16.1324	0.00081766	-0.00185678	-9.40203	4.85921	-9.88795	34.2522	3.14213	3.27558	1.13213	

0.0081	9.46981	0.298697	-1.45815e-05	3.27709e-05	-15.0913	0.0005091	-0.00109199	-8.89158	4.80693	-9.37228	36.6466	3.13455	3.26035	1.12455	

0.00815	9.42757	0.270942	-8.75597e-06	1.86002e-05	-13.7415	0.000305734	-0.000620939	-8.21777	4.73805	-8.69157	38.5366	3.12454	3.24023	1.11454	

0.0082	9.37399	0.236487	-5.07046e-06	1.02104e-05	-12.0791	0.000176491	-0.00034037	-7.36917	4.65135	-7.83431	39.0627	3.11191	3.21484	1.10191	

0.00825	9.31002	0.197161	-2.82798e-06	5.41433e-06	-10.1639	9.7783e-05	-0.000179649	-6.36407	4.54889	-6.81895	36.7422	3.09692	3.18471	1.08692	

0.0083	9.241	0.157405	-1.52079e-06	2.77726e-06	-8.18004	5.21378e-05	-9.15784e-05	-5.29067	4.43962	-5.73463	30.7328	3.08087	3.15244	1.07087	

0.00835	9.17463	0.121075	-7.91992e-07	1.38441e-06	-6.35874	2.69299e-05	-4.53923e-05	-4.27846	4.33583	-4.71205	22.795	3.06554	3.12163	1.05554	

0.0084	9.11557	0.0899492	-4.01766e-07	6.74655e-07	-4.81482	1.3563e-05	-2.20202e-05	-3.40257	4.24454	-3.82702	15.2931	3.05199	3.0944	1.04199	

0.00845	9.06628	0.0648467	-1.99663e-07	3.23243e-07	-3.5835	6.70136e-06	-1.05169e-05	-2.69303	4.16913	-3.10994	9.39503	3.04075	3.07182	1.03075	

0.0085	9.02732	0.0455913	-9.76928e-08	1.53007e-07	-2.64807	3.26476e-06	-4.96885e-06	-2.14783	4.11004	-2.55883	5.34926	3.03192	3.05405	1.02192	

0.00855	8.99789	0.031398	-4.72461e-08	7.18159e-08	-1.9637	1.57413e-06	-2.33035e-06	-1.74581	4.06569	-2.15238	2.85691	3.02526	3.04068	1.01526	

0.0086	8.97644	0.0212569	-2.26468e-08	3.35072e-08	-1.4773	7.5305e-07	-1.0873e-06	-1.45858	4.03353	-1.86193	1.44697	3.02043	3.03096	1.01043	

0.00865	8.96124	0.0141851	-1.07783e-08	1.55636e-08	-1.13922	3.57991e-07	-5.05342e-07	-1.25828	4.01083	-1.65936	0.701405	3.01701	3.02409	1.00701	

0.0087	8.95072	0.00934754	-5.09845e-09	7.20203e-09	-0.908366	1.69257e-07	-2.34094e-07	-1.12121	3.99516	-1.52072	0.327775	3.01465	3.01934	1.00465	

0.00875	8.94357	0.00609002	-2.3981e-09	3.32101e-09	-0.75299	7.96152e-08	-1.08098e-07	-1.02884	3.98452	-1.4273	0.148473	3.01304	3.01611	1.00304	

0.0088	8.93879	0.0039256	-1.12171e-09	1.52582e-09	-0.649713	3.72581e-08	-4.97489e-08	-0.967403	3.97742	-1.36514	0.0654492	3.01197	3.01396	1.00197	

0.00885	8.93563	0.00250448	-5.21702e-10	6.98248e-10	-0.581834	1.73434e-08	-2.28102e-08	-0.927004	3.97273	-1.32428	0.028155	3.01126	3.01253	1.00126	

0.0089	8.93356	0.00158167	-2.41194e-10	3.18119e-10	-0.53769	8.02771e-09	-1.04146e-08	-0.900725	3.96967	-1.29769	0.0118424	3.0108	3.0116	1.0008	

0.00895	8.93223	0.000988751	-1.10804e-10	1.44216e-10	-0.509275	3.69333e-09	-4.73242e-09	-0.883807	3.9677	-1.28058	0.004877	3.0105	3.01101	1.0005	

0.009	8.93139	0.000611764	-5.05614e-11	6.502e-11	-0.491171	1.6882e-09	-2.13897e-09	-0.873027	3.96644	-1.26967	0.00196862	3.01031	3.01062	1.00031	

0.00905	8.93085	0.000374569	-2.29071e-11	2.91371e-11	-0.479754	7.66327e-10	-9.61084e-10	-0.866229	3.96565	-1.26279	0.000779707	3.01019	3.01038	1.00019	

0.0091	8.93052	0.000226903	-1.02999e-11	1.29712e-11	-0.47263	3.45302e-10	-4.29053e-10	-0.861987	3.96515	-1.2585	0.000303438	3.01012	3.01023	1.00012	

0.00915	8.93031	0.000135962	-4.59442e-12	5.73361e-12	-0.468231	1.54381e-10	-1.90207e-10	-0.859368	3.96484	-1.25585	0.000116286	3.01007	3.01014	1.00007	

0.0092	8.93018	8.05686e-05	-2.03236e-12	2.51526e-12	-0.465546	6.84577e-11	-8.36935e-11	-0.857769	3.96466	-1.25423	4.40422e-05	3.01004	3.01008	1.00004	

0.00925	8.93011	4.72057e-05	-8.9123e-13	1.09458e-12	-0.463924	3.00971e-11	-3.6535e-11	-0.856803	3.96454	-1.25326	1.65833e-05	3.01002	3.01005	1.00002	

0.0093	8.93006	2.73409e-05	-3.87303e-13	4.72333e-13	-0.462956	1.31144e-11	-1.58158e-11	-0.856226	3.96448	-1.25267	6.26568e-06	3.01001	3.01003	1.00001	

0.00935	8.93004	1.56507e-05	-1.66744e-13	2.02031e-13	-0.462384	5.66172e-12	-6.78692e-12	-0.855886	3.96444	-1.25233	2.40756e-06	3.01001	3.01002	1.00001	

0.0094	8.93002	8.85283e-06	-7.10983e-14	8.56254e-14	-0.462051	2.42101e-12	-2.88598e-12	-0.855688	3.96441	-1.25213	9.56737e-07	3.01	3.01001	1	

0.00945	8.93001	4.9474e-06	-3.00168e-14	3.59471e-14	-0.46186	1.02511e-12	-1.21565e-12	-0.855574	3.9644	-1.25201	3.9979e-07	3.01	3.01001	1	

0.0095	8.93001	2.73118e-06	-1.25446e-14	1.49443e-14	-0.46175	4.29689e-13	-5.07094e-13	-0.855509	3.96439	-1.25195	1.77486e-07	3.01	3.01	1	

0.00955	8.93	1.48913e-06	-5.18838e-15	6.15053e-15	-0.461689	1.78256e-13	-2.09415e-13	-0.855472	3.96439	-1.25191	8.36344e-08	3.01	3.01	1	

0.0096	8.93	8.01791e-07	-2.12323e-15	2.50536e-15	-0.461655	7.31713e-14	-8.55966e-14	-0.855452	3.96439	-1.25189	4.13608e-08	3.01	3.01	1	

0.00965	8.93	4.2626e-07	-8.59538e-16	1.00982e-15	-0.461636	2.97134e-14	-3.462e-14	-0.855441	3.96439	-1.25188	2.11273e-08	3.01	3.01	1	

0.0097	8.93	2.23719e-07	-3.44155e-16	4.02672e-16	-0.461626	1.19343e-14	-1.38525e-14	-0.855435	3.96438	-1.25187	1.09755e-08	3.01	3.01	1	

0.00975	8.93	1.15869e-07	-1.36244e-16	1.58804e-16	-0.461621	4.74061e-15	-5.48292e-15	-0.855432	3.96438	-1.25187	5.73682e-09	3.01	3.01	1	

0.0098	8.93	5.90915e-08	-5.32542e-17	6.18427e-17	-0.461618	1.86282e-15	-2.14739e-15	-0.85543	3.96438	-1.25187	2.99185e-09	3.01	3.01	1	

0.00985	8.93	2.94001e-08	-2.04953e-17	2.35746e-17	-0.461617	7.2544e-16	-8.34054e-16	-0.855429	3.96438	-1.25187	1.5701e-09	3.01	3.01	1	

0.0099	8.93	1.40426e-08	-7.91023e-18	8.64497e-18	-0.461616	2.84638e-16	-3.26312e-16	-0.855429	3.96438	-1.25187	8.50386e-10	3.01	3.01	1	

0.00995	8.93	7.26522e-09	-3.18371e-18	3.60834e-18	-0.461616	1.31301e-16	-1.48062e-16	-0.855428	3.96438	-1.25187	5.57341e-10	3.01	3.01	1	

